2152,1572,1000
2130,1572,1000
2106,1572,1000
2106,1572,1000
2106,1572,2000
2106,1572,2000
2106,1572,2000
2106,1572,2000
2106,1572,2000
2106,1572,2000
2106,1572,2000
2106,1572,2000
2106,1572,2000
2106,1572,2000
2106,1572,2000
2106,1572,2000
2106,1572,2000
2106,1572,2000
2106,1572,2000
2106,1572,2000
2106,1572,2000
2106,1572,2000
2106,1572,2000
1405,1175,2000
1370,1153,2000
1345,1138,2000
1319,1124,2000
1294,1110,2000
1268,1098,2000
1243,1086,2000
1376,1198,2000
1503,1321,2000
1617,1450,2000
1712,1580,2000
1784,1710,1000
1784,1710,1000
1784,1710,1000
1784,1710,1000
1784,1710,1000
1784,1710,2000
1786,1709,2000
1789,1708,2000
1791,1706,2000
1793,1705,2000
1796,1704,2000
1798,1703,2000
1801,1702,2000
1803,1701,2000
1806,1700,2000
1809,1699,2000
1811,1699,2000
1814,1698,2000
1817,1697,2000
1819,1697,2000
1822,1696,2000
1825,1696,2000
1828,1696,2000
1831,1695,2000
1833,1695,2000
1836,1695,2000
1839,1695,2000
1842,1695,2000
1845,1695,2000
1848,1695,2000
1851,1695,2000
1854,1696,2000
1857,1696,2000
1860,1697,2000
1863,1697,2000
1866,1698,2000
1870,1698,2000
1873,1699,2000
1876,1700,2000
1879,1701,2000
1882,1701,2000
1885,1703,2000
1889,1704,2000
1892,1705,2000
1895,1706,2000
1898,1707,2000
1901,1708,2000
1905,1710,2000
1908,1711,2000
1911,1713,2000
1914,1714,2000
1918,1716,2000
1921,1717,2000
1924,1719,2000
1927,1721,2000
1930,1722,2000
1933,1724,2000
1937,1726,2000
1940,1728,2000
1943,1730,2000
1946,1732,2000
1949,1734,2000
1952,1737,2000
1955,1739,2000
1958,1741,2000
1961,1743,2000
1964,1745,2000
1967,1748,2000
1970,1750,2000
1973,1752,2000
1976,1755,2000
1978,1757,2000
1981,1760,2000
1984,1762,2000
1986,1765,2000
1989,1767,2000
1992,1770,2000
1994,1773,2000
1997,1775,2000
1999,1778,2000
2001,1778,2000
2004,1778,2000
2006,1778,2000
2008,1778,2000
2010,1778,2000
2012,1778,2000
2014,1778,2000
2016,1778,2000
2018,1778,2000
2020,1778,2000
2022,1778,2000
2023,1778,2000
2025,1778,2000
2026,1778,2000
2028,1778,2000
2029,1778,2000
2030,1778,2000
2031,1778,2000
2032,1778,2000
2034,1778,2000
2035,1778,2000
2036,1778,2000
2036,1778,2000
2037,1778,2000
2038,1778,2000
2038,1778,2000
2039,1778,2000
2039,1778,2000
2040,1778,2000
2040,1778,2000
2040,1778,2000
2040,1778,2000
2040,1778,2000
2040,1778,2000
2040,1778,2000
2040,1778,2000
2040,1778,2000
2039,1778,2000
2039,1778,2000
2038,1778,2000
2038,1778,2000
2037,1778,2000
2036,1778,2000
2035,1778,2000
2035,1778,2000
2034,1778,2000
2033,1778,2000
2031,1778,2000
2030,1778,2000
2029,1778,2000
2028,1778,2000
2026,1778,2000
2025,1778,2000
2023,1778,2000
2022,1778,2000
2020,1778,2000
2018,1778,2000
2017,1778,2000
2015,1778,2000
2013,1778,2000
2011,1778,2000
2009,1778,2000
2007,1778,2000
2005,1778,2000
2003,1778,2000
2001,1778,2000
1998,1950,2000
1996,1952,2000
1993,1954,2000
1991,1956,2000
1989,1958,2000
1986,1960,2000
1983,1961,2000
1981,1963,2000
1978,1965,2000
1976,1967,2000
1973,1968,2000
1970,1970,2000
1967,1971,2000
1964,1973,2000
1961,1975,2000
1959,1976,2000
1956,1978,2000
1953,1979,2000
1950,1980,2000
1947,1982,2000
1944,1983,2000
1940,1984,2000
1937,1986,2000
1934,1987,2000
1931,1988,2000
1928,1989,2000
1925,1990,2000
1922,1991,2000
1918,1992,2000
1915,1994,2000
1912,1994,2000
1909,1995,2000
1906,1996,2000
1902,1997,2000
1899,1998,2000
1896,1998,2000
1892,1999,2000
1889,1999,2000
1886,1000,2000
1883,2001,2000
1879,2001,2000
1876,2001,2000
1873,2002,2000
1870,2002,2000
1866,2002,2000
1863,2002,2000
1860,2002,2000
1857,2002,2000
1854,2002,2000
1850,2002,2000
1847,2002,2000
1844,2002,2000
1841,2002,2000
1838,2001,2000
1835,2001,2000
1832,2001,2000
1829,1000,2000
1826,1999,2000
1823,1999,2000
1819,1998,2000
1817,1997,2000
1814,1996,2000
1811,1995,2000
1808,1995,2000
1805,1994,2000
1802,1992,2000
1800,1991,2000
1797,1990,2000
1794,1989,2000
1791,1987,2000
1789,1986,2000
1786,1984,2000
1784,1983,2000
1781,1981,2000
1779,1979,2000
1777,1978,2000
1774,1976,2000
1772,1974,2000
1770,1972,2000
1767,1970,2000
1765,1968,2000
1763,1965,2000
1761,1963,2000
1759,1961,2000
1757,1959,2000
1755,1956,2000
1753,1954,2000
1751,1951,2000
1750,1949,2000
1748,1946,2000
1746,1944,2000
1745,1941,2000
1743,1938,2000
1742,1935,2000
1740,1933,2000
1739,1930,2000
1737,1927,2000
1736,1924,2000
1735,1921,2000
1733,1918,2000
1732,1915,2000
1731,1912,2000
1730,1909,2000
1729,1906,2000
1728,1903,2000
1728,1899,2000
1727,1896,2000
1726,1893,2000
1725,1890,2000
1724,1887,2000
1724,1883,2000
1724,1880,2000
1723,1877,2000
1723,1874,2000
1722,1870,2000
1722,1867,2000
1722,1864,2000
1721,1860,2000
1721,1857,2000
1721,1854,2000
1721,1850,2000
1721,1847,2000
1721,1844,2000
1721,1840,2000
1721,1837,2000
1721,1834,2000
1722,1831,2000
1722,1827,2000
1722,1824,2000
1722,1821,2000
1723,1818,2000
1724,1814,2000
1724,1811,2000
1725,1808,2000
1725,1805,2000
1726,1802,2000
1727,1799,2000
1727,1796,2000
1728,1792,2000
1729,1789,2000
1730,1786,2000
1731,1783,2000
1732,1781,2000
1733,1778,2000
1734,1775,2000
1735,1772,2000
1736,1769,2000
1738,1766,2000
1739,1764,2000
1740,1761,2000
1741,1758,2000
1743,1756,2000
1744,1753,2000
1746,1750,2000
1747,1748,2000
1749,1746,2000
1750,1743,2000
1752,1741,2000
1754,1739,2000
1755,1736,2000
1757,1734,2000
1759,1732,2000
1761,1730,2000
1763,1728,2000
1765,1726,2000
1767,1724,2000
1769,1722,2000
1771,1720,2000
1773,1718,2000
1775,1717,2000
1715,1680,2000
1654,1647,2000
1591,1618,2000
1527,1593,2000
1460,1572,1000
1418,1544,1000
1373,1518,1000
1327,1493,1000
1278,1471,1000
1226,1451,2000
1264,1407,2000
1293,1365,2000
1317,1325,2000
1336,1287,2000
1351,1248,2000
1400,1276,2000
1450,1307,2000
1499,1340,2000
1547,1375,2000
1596,1412,2000
1576,1440,2000
1552,1470,2000
1526,1502,2000
1495,1536,1000
