1740,1726,2000
1740,1726,2000
1740,1726,2000
1740,1726,2000
1740,1726,2000
1740,1726,2000
1740,1726,2000
1740,1726,2000
1740,1726,2000
1740,1726,2000
1740,1726,2000
1740,1726,2000
1740,1726,2000
1740,1726,2000
1740,1726,2000
1740,1726,2000
1740,1726,2000
1740,1726,2000
1740,1726,2000
1740,1726,2000
1740,1726,2000
1740,1726,2000
1740,1726,2000
1740,1726,2000
1740,1726,2000
1740,1726,2000
1740,1726,2000
1740,1726,2000
1740,1726,2000
1740,1726,2000
1740,1726,2000
1740,1726,2000
1740,1726,2000
1740,1726,2000
1740,1726,2000
1740,1726,2000
1740,1726,2000
1740,1726,2000
1740,1726,2000
1740,1726,2000
1740,1726,2000
1740,1726,2000
1740,1726,2000
1740,1726,2000
1740,1726,2000
1740,1726,2000
1740,1726,2000
1740,1726,2000
1740,1726,2000
1740,1726,2000
1740,1725,2000
1740,1725,2000
1741,1725,2000
1741,1724,2000
1741,1724,2000
1742,1724,2000
1742,1724,2000
1742,1723,2000
1743,1723,2000
1743,1723,2000
1743,1722,2000
1744,1722,2000
1744,1722,2000
1744,1722,2000
1745,1721,2000
1745,1721,2000
1745,1721,2000
1746,1720,2000
1746,1720,2000
1746,1720,2000
1747,1720,2000
1747,1719,2000
1747,1719,2000
1748,1719,2000
1748,1718,2000
1748,1718,2000
1749,1718,2000
1749,1718,2000
1749,1717,2000
1750,1717,2000
1750,1717,2000
1750,1717,2000
1751,1716,2000
1751,1716,2000
1751,1716,2000
1752,1715,2000
1752,1715,2000
1752,1715,2000
1753,1715,2000
1753,1714,2000
1753,1714,2000
1754,1714,2000
1754,1714,2000
1754,1713,2000
1754,1713,2000
1755,1713,2000
1755,1712,2000
1755,1712,2000
1756,1712,2000
1756,1712,2000
1756,1711,2000
1757,1711,2000
1757,1711,2000
1757,1711,2000
1758,1710,2000
1758,1710,2000
1758,1710,2000
1759,1710,2000
1759,1709,2000
1759,1709,2000
1760,1709,2000
1760,1709,2000
1760,1709,2000
1761,1708,2000
1761,1708,2000
1761,1708,2000
1762,1708,2000
1762,1707,2000
1762,1707,2000
1763,1707,2000
1763,1707,2000
1763,1706,2000
1764,1706,2000
1764,1706,2000
1764,1706,2000
1765,1706,2000
1765,1705,2000
1765,1705,2000
1766,1705,2000
1766,1705,2000
1766,1704,2000
1767,1704,2000
1767,1704,2000
1767,1704,2000
1768,1703,2000
1768,1703,2000
1768,1703,2000
1769,1703,2000
1769,1703,2000
1769,1702,2000
1770,1702,2000
1770,1702,2000
1770,1702,2000
1771,1701,2000
1771,1701,2000
1771,1701,2000
1772,1701,2000
1772,1701,2000
1772,1700,2000
1773,1700,2000
1773,1700,2000
1773,1700,2000
1774,1700,2000
1774,1699,2000
1774,1699,2000
1775,1699,2000
1775,1699,2000
1775,1699,2000
1776,1698,2000
1776,1698,2000
1776,1698,2000
1777,1698,2000
1777,1698,2000
1777,1697,2000
1778,1697,2000
1778,1697,2000
1778,1697,2000
1779,1697,2000
1779,1697,2000
1779,1696,2000
1780,1696,2000
1780,1696,2000
1780,1696,2000
1781,1696,2000
1781,1695,2000
1781,1695,2000
1782,1695,2000
1782,1695,2000
1782,1695,2000
1783,1695,2000
1783,1694,2000
1783,1694,2000
1784,1694,2000
1784,1694,2000
1784,1694,2000
1785,1693,2000
1785,1693,2000
1785,1693,2000
1786,1693,2000
1786,1693,2000
1786,1693,2000
1786,1692,2000
1787,1692,2000
1787,1692,2000
1787,1692,2000
1788,1692,2000
1788,1692,2000
1788,1691,2000
1789,1691,2000
1789,1691,2000
1789,1691,2000
1790,1691,2000
1790,1691,2000
1790,1690,2000
1791,1690,2000
1791,1690,2000
1791,1690,2000
1792,1690,2000
1792,1690,2000
1792,1690,2000
1793,1689,2000
1793,1689,2000
1793,1689,2000
1794,1689,2000
1794,1689,2000
1794,1689,2000
1795,1689,2000
1795,1688,2000
1795,1688,2000
1796,1688,2000
1796,1688,2000
1796,1688,2000
1797,1688,2000
1797,1688,2000
1797,1687,2000
1798,1687,2000
1798,1687,2000
1798,1687,2000
1799,1687,2000
1799,1687,2000
1799,1687,2000
1800,1687,2000
1800,1686,2000
1800,1686,2000
1801,1686,2000
1801,1686,2000
1801,1686,2000
1802,1686,2000
1802,1686,2000
1802,1685,2000
1803,1685,2000
1803,1685,2000
1803,1685,2000
1804,1685,2000
1804,1685,2000
1804,1685,2000
1805,1685,2000
1805,1684,2000
1805,1684,2000
1806,1684,2000
1806,1684,2000
1806,1684,2000
1807,1684,2000
1807,1684,2000
1807,1684,2000
1808,1684,2000
1808,1683,2000
1808,1683,2000
1809,1683,2000
1809,1683,2000
1809,1683,2000
1810,1683,2000
1810,1683,2000
1810,1683,2000
1811,1683,2000
1811,1683,2000
1811,1683,2000
1812,1682,2000
1812,1682,2000
1812,1682,2000
1813,1682,2000
1813,1682,2000
1813,1682,2000
1814,1682,2000
1814,1682,2000
1814,1682,2000
1815,1682,2000
1815,1682,2000
1815,1681,2000
1816,1681,2000
1816,1681,2000
1816,1681,2000
1817,1681,2000
1817,1681,2000
1817,1681,2000
1818,1681,2000
1818,1681,2000
1818,1681,2000
1819,1681,2000
1819,1680,2000
1819,1680,2000
1820,1680,2000
1820,1680,2000
1820,1680,2000
1821,1680,2000
1821,1680,2000
1821,1680,2000
1822,1680,2000
1822,1680,2000
1822,1680,2000
1823,1680,2000
1823,1679,2000
1823,1679,2000
1824,1679,2000
1824,1679,2000
1824,1679,2000
1825,1679,2000
1825,1679,2000
1825,1679,2000
1826,1679,2000
1826,1679,2000
1826,1679,2000
1827,1679,2000
1827,1679,2000
1827,1679,2000
1828,1679,2000
1828,1679,2000
1828,1679,2000
1829,1679,2000
1829,1679,2000
1829,1678,2000
1830,1678,2000
1830,1678,2000
1830,1678,2000
1831,1678,2000
1831,1678,2000
1831,1678,2000
1832,1678,2000
1832,1678,2000
1832,1678,2000
1833,1678,2000
1833,1678,2000
1833,1678,2000
1834,1678,2000
1834,1678,2000
1834,1678,2000
1835,1678,2000
1835,1678,2000
1835,1678,2000
1836,1678,2000
1836,1678,2000
1836,1677,2000
1837,1677,2000
1837,1677,2000
1837,1677,2000
1838,1677,2000
1838,1677,2000
1838,1677,2000
1839,1677,2000
1839,1677,2000
1839,1677,2000
1840,1677,2000
1840,1677,2000
1840,1677,2000
1841,1677,2000
1841,1677,2000
1841,1677,2000
1842,1677,2000
1842,1677,2000
1842,1677,2000
1843,1677,2000
1843,1677,2000
1843,1677,2000
1844,1677,2000
1844,1677,2000
1844,1677,2000
1845,1677,2000
1845,1677,2000
1845,1677,2000
1846,1677,2000
1846,1677,2000
1846,1677,2000
1847,1677,2000
1847,1677,2000
1847,1677,2000
1848,1677,2000
1848,1677,2000
1848,1677,2000
1849,1677,2000
1849,1677,2000
1849,1677,2000
1850,1677,2000
1850,1677,2000
1850,1677,2000
1851,1677,2000
1851,1677,2000
1851,1677,2000
1851,1677,2000
1852,1677,2000
1852,1677,2000
1852,1677,2000
1853,1677,2000
1853,1677,2000
1853,1677,2000
1854,1677,2000
1854,1677,2000
1854,1677,2000
1855,1677,2000
1855,1677,2000
1855,1677,2000
1856,1677,2000
1856,1677,2000
1856,1677,2000
1857,1677,2000
1857,1677,2000
1857,1677,2000
1858,1677,2000
1858,1677,2000
1858,1677,2000
1859,1677,2000
1859,1677,2000
1859,1677,2000
1860,1677,2000
1860,1677,2000
1860,1677,2000
1861,1677,2000
1861,1677,2000
1861,1677,2000
1862,1677,2000
1862,1677,2000
1862,1677,2000
1863,1677,2000
1863,1677,2000
1863,1677,2000
1863,1677,2000
1864,1678,2000
1864,1678,2000
1864,1678,2000
1865,1678,2000
1865,1678,2000
1865,1678,2000
1866,1678,2000
1866,1678,2000
1866,1678,2000
1867,1678,2000
1867,1678,2000
1867,1678,2000
1868,1678,2000
1868,1678,2000
1868,1678,2000
1869,1678,2000
1869,1678,2000
1869,1678,2000
1870,1678,2000
1870,1678,2000
1870,1678,2000
1871,1678,2000
1871,1678,2000
1871,1678,2000
1872,1678,2000
1872,1678,2000
1872,1678,2000
1872,1679,2000
1873,1679,2000
1873,1679,2000
1873,1679,2000
1874,1679,2000
1874,1679,2000
1874,1679,2000
1875,1679,2000
1875,1679,2000
1875,1679,2000
1876,1679,2000
1876,1679,2000
1876,1679,2000
1877,1679,2000
1877,1680,2000
1877,1680,2000
1878,1680,2000
1878,1680,2000
1878,1680,2000
1878,1680,2000
1879,1680,2000
1879,1680,2000
1879,1680,2000
1880,1680,2000
1880,1680,2000
1880,1680,2000
1881,1680,2000
1881,1680,2000
1881,1680,2000
1882,1681,2000
1882,1681,2000
1882,1681,2000
1883,1681,2000
1883,1681,2000
1883,1681,2000
1883,1681,2000
1884,1681,2000
1884,1681,2000
1884,1681,2000
1885,1681,2000
1885,1681,2000
1885,1681,2000
1886,1681,2000
1886,1682,2000
1886,1682,2000
1887,1682,2000
1887,1682,2000
1887,1682,2000
1888,1682,2000
1888,1682,2000
1888,1682,2000
1888,1682,2000
1889,1682,2000
1889,1682,2000
1889,1683,2000
1890,1683,2000
1890,1683,2000
1890,1683,2000
1891,1683,2000
1891,1683,2000
1891,1683,2000
1891,1683,2000
1892,1683,2000
1892,1684,2000
1892,1684,2000
1893,1684,2000
1893,1684,2000
1893,1684,2000
1894,1684,2000
1894,1684,2000
1894,1684,2000
1895,1684,2000
1895,1684,2000
1895,1685,2000
1895,1685,2000
1896,1685,2000
1896,1685,2000
1896,1685,2000
1897,1685,2000
1897,1685,2000
1897,1685,2000
1898,1685,2000
1898,1686,2000
1898,1686,2000
1898,1686,2000
1899,1686,2000
1899,1686,2000
1899,1686,2000
1900,1686,2000
1900,1686,2000
1900,1686,2000
1901,1687,2000
1901,1687,2000
1901,1687,2000
1901,1687,2000
1902,1687,2000
1902,1687,2000
1902,1687,2000
1903,1687,2000
1903,1687,2000
1903,1688,2000
1904,1688,2000
1904,1688,2000
1904,1688,2000
1904,1688,2000
1905,1688,2000
1905,1688,2000
1905,1689,2000
1906,1689,2000
1906,1689,2000
1906,1689,2000
1906,1689,2000
1907,1689,2000
1907,1689,2000
1907,1690,2000
1908,1690,2000
1908,1690,2000
1908,1690,2000
1908,1690,2000
1909,1690,2000
1909,1690,2000
1909,1691,2000
1910,1691,2000
1910,1691,2000
1910,1691,2000
1911,1691,2000
1911,1691,2000
1911,1691,2000
1911,1691,2000
1912,1692,2000
1912,1692,2000
1912,1692,2000
1913,1692,2000
1913,1692,2000
1913,1692,2000
1913,1692,2000
1914,1693,2000
1914,1693,2000
1914,1693,2000
1915,1693,2000
1915,1693,2000
1915,1693,2000
1915,1693,2000
1916,1694,2000
1916,1694,2000
1916,1694,2000
1917,1694,2000
1917,1694,2000
1917,1694,2000
1917,1695,2000
1918,1695,2000
1918,1695,2000
1918,1695,2000
1918,1695,2000
1919,1695,2000
1919,1696,2000
1919,1696,2000
1920,1696,2000
1920,1696,2000
1920,1696,2000
1920,1696,2000
1921,1697,2000
1921,1697,2000
1921,1697,2000
1921,1697,2000
1922,1697,2000
1922,1697,2000
1922,1698,2000
1923,1698,2000
1923,1698,2000
1923,1698,2000
1923,1698,2000
1924,1698,2000
1924,1699,2000
1924,1699,2000
1924,1699,2000
1925,1699,2000
1925,1699,2000
1925,1699,2000
1926,1700,2000
1926,1700,2000
1926,1700,2000
1926,1700,2000
1927,1700,2000
1927,1701,2000
1927,1701,2000
1927,1701,2000
1928,1701,2000
1928,1701,2000
1928,1701,2000
1929,1702,2000
1929,1702,2000
1929,1702,2000
1929,1702,2000
1930,1702,2000
1930,1702,2000
1930,1703,2000
1930,1703,2000
1931,1703,2000
1931,1703,2000
1931,1703,2000
1931,1704,2000
1932,1704,2000
1932,1704,2000
1932,1704,2000
1932,1704,2000
1933,1705,2000
1933,1705,2000
1933,1705,2000
1933,1705,2000
1934,1705,2000
1934,1706,2000
1934,1706,2000
1934,1706,2000
1935,1706,2000
1935,1706,2000
1935,1707,2000
1935,1707,2000
1936,1707,2000
1936,1707,2000
1936,1707,2000
1936,1708,2000
1937,1708,2000
1937,1708,2000
1937,1708,2000
1937,1708,2000
1938,1709,2000
1938,1709,2000
1938,1709,2000
1938,1709,2000
1939,1709,2000
1939,1710,2000
1939,1710,2000
1939,1710,2000
1940,1710,2000
1940,1710,2000
1940,1711,2000
1940,1711,2000
1941,1711,2000
1941,1711,2000
1941,1711,2000
1941,1712,2000
1942,1712,2000
1942,1712,2000
1942,1712,2000
1942,1712,2000
1943,1713,2000
1943,1713,2000
1943,1713,2000
1943,1713,2000
1944,1713,2000
1944,1714,2000
1944,1714,2000
1944,1714,2000
1945,1714,2000
1945,1715,2000
1945,1715,2000
1945,1715,2000
1945,1715,2000
1946,1716,2000
1946,1716,2000
1946,1716,2000
1946,1716,2000
1947,1716,2000
1947,1717,2000
1947,1717,2000
1947,1717,2000
1948,1717,2000
1948,1718,2000
1948,1718,2000
1948,1718,2000
1948,1718,2000
1949,1718,2000
1949,1719,2000
1949,1719,2000
1949,1719,2000
1950,1719,2000
1950,1720,2000
1950,1720,2000
1950,1720,2000
1950,1720,2000
1951,1721,2000
1951,1721,2000
1951,1721,2000
1951,1721,2000
1952,1721,2000
1952,1722,2000
1952,1722,2000
1952,1722,2000
1953,1722,2000
1953,1723,2000
1953,1723,2000
1953,1723,2000
1953,1723,2000
1954,1723,2000
1954,1724,2000
1954,1724,2000
1954,1724,2000
1955,1724,2000
1955,1725,2000
1955,1725,2000
1955,1725,2000
1955,1725,2000
1956,1726,2000
1956,1726,2000
1956,1726,2000
1956,1726,2000
1956,1727,2000
1957,1727,2000
1957,1727,2000
1957,1727,2000
1957,1728,2000
1957,1728,2000
1958,1728,2000
1958,1728,2000
1958,1729,2000
1958,1729,2000
1958,1729,2000
1959,1729,2000
1959,1730,2000
1959,1730,2000
1959,1730,2000
1959,1730,2000
1960,1731,2000
1960,1731,2000
1960,1731,2000
1960,1731,2000
1960,1732,2000
1961,1732,2000
1961,1732,2000
1961,1732,2000
1961,1733,2000
1961,1733,2000
1962,1733,2000
1962,1733,2000
1962,1734,2000
1962,1734,2000
1962,1734,2000
1962,1734,2000
1963,1735,2000
1963,1735,2000
1963,1735,2000
1963,1735,2000
1963,1736,2000
1964,1736,2000
1964,1736,2000
1964,1736,2000
1964,1737,2000
1964,1737,2000
1965,1737,2000
1965,1738,2000
1965,1738,2000
1965,1738,2000
1965,1738,2000
1965,1739,2000
1966,1739,2000
1966,1739,2000
1966,1739,2000
1966,1740,2000
1966,1740,2000
1966,1740,2000
1967,1741,2000
1967,1741,2000
1967,1741,2000
1967,1741,2000
1967,1742,2000
1968,1742,2000
1968,1742,2000
1968,1742,2000
1968,1743,2000
1968,1743,2000
1968,1743,2000
1969,1744,2000
1969,1744,2000
1969,1744,2000
1969,1744,2000
1969,1745,2000
1969,1745,2000
1970,1745,2000
1970,1745,2000
1970,1746,2000
1970,1746,2000
1970,1746,2000
1970,1747,2000
1971,1747,2000
1971,1747,2000
1971,1747,2000
1971,1748,2000
1971,1748,2000
1971,1748,2000
1972,1749,2000
1972,1749,2000
1972,1749,2000
1972,1749,2000
1972,1750,2000
1972,1750,2000
1973,1750,2000
1973,1750,2000
1973,1751,2000
1973,1751,2000
1973,1751,2000
1973,1752,2000
1973,1752,2000
1974,1752,2000
1974,1752,2000
1974,1753,2000
1974,1753,2000
1974,1753,2000
1974,1754,2000
1974,1754,2000
1975,1754,2000
1975,1755,2000
1975,1755,2000
1975,1755,2000
1975,1755,2000
1975,1756,2000
1975,1756,2000
1975,1756,2000
1976,1757,2000
1976,1757,2000
1976,1757,2000
1976,1757,2000
1976,1758,2000
1976,1758,2000
1976,1758,2000
1977,1759,2000
1977,1759,2000
1977,1759,2000
1977,1760,2000
1977,1760,2000
1977,1760,2000
1977,1760,2000
1978,1761,2000
1978,1761,2000
1978,1761,2000
1978,1762,2000
1978,1762,2000
1978,1762,2000
1978,1762,2000
1978,1763,2000
1979,1763,2000
1979,1763,2000
1979,1764,2000
1979,1764,2000
1979,1764,2000
1979,1765,2000
1979,1765,2000
1980,1765,2000
1980,1765,2000
1980,1766,2000
1980,1766,2000
1980,1766,2000
1980,1767,2000
1980,1767,2000
1980,1767,2000
1980,1768,2000
1980,1768,2000
1981,1768,2000
1981,1769,2000
1981,1769,2000
1981,1769,2000
1981,1769,2000
1981,1770,2000
1981,1770,2000
1981,1770,2000
1981,1771,2000
1981,1771,2000
1982,1771,2000
1982,1772,2000
1982,1772,2000
1982,1772,2000
1982,1773,2000
1982,1773,2000
1982,1773,2000
1982,1774,2000
1982,1774,2000
1982,1774,2000
1983,1774,2000
1983,1775,2000
1983,1775,2000
1983,1775,2000
1983,1776,2000
1983,1776,2000
1983,1776,2000
1983,1777,2000
1983,1777,2000
1983,1777,2000
1984,1778,2000
1984,1778,2000
1984,1778,2000
1984,1779,2000
1984,1779,2000
1984,1779,2000
1984,1779,2000
1984,1780,2000
1984,1780,2000
1984,1780,2000
1985,1781,2000
1985,1781,2000
1985,1781,2000
1985,1782,2000
1985,1782,2000
1985,1782,2000
1985,1783,2000
1985,1783,2000
1985,1783,2000
1985,1784,2000
1985,1784,2000
1985,1784,2000
1985,1785,2000
1985,1785,2000
1985,1785,2000
1986,1786,2000
1986,1786,2000
1986,1786,2000
1986,1787,2000
1986,1787,2000
1986,1787,2000
1986,1788,2000
1986,1788,2000
1986,1788,2000
1986,1789,2000
1986,1789,2000
1986,1789,2000
1986,1790,2000
1986,1790,2000
1986,1790,2000
1986,1791,2000
1987,1791,2000
1987,1791,2000
1987,1792,2000
1987,1792,2000
1987,1792,2000
1987,1793,2000
1987,1793,2000
1987,1793,2000
1987,1794,2000
1987,1794,2000
1987,1794,2000
1987,1795,2000
1987,1795,2000
1987,1795,2000
1987,1796,2000
1987,1796,2000
1987,1796,2000
1988,1797,2000
1988,1797,2000
1988,1797,2000
1988,1798,2000
1988,1798,2000
1988,1798,2000
1988,1799,2000
1988,1799,2000
1988,1799,2000
1988,1800,2000
1988,1800,2000
1988,1800,2000
1988,1801,2000
1988,1801,2000
1988,1801,2000
1988,1802,2000
1988,1802,2000
1988,1802,2000
1988,1803,2000
1988,1803,2000
1988,1803,2000
1988,1804,2000
1988,1804,2000
1988,1804,2000
1988,1805,2000
1988,1805,2000
1988,1805,2000
1988,1806,2000
1988,1806,2000
1988,1807,2000
1988,1807,2000
1988,1807,2000
1988,1808,2000
1988,1808,2000
1988,1808,2000
1988,1809,2000
1989,1809,2000
1989,1809,2000
1989,1810,2000
1989,1810,2000
1989,1810,2000
1989,1811,2000
1989,1811,2000
1989,1811,2000
1989,1812,2000
1989,1812,2000
1989,1812,2000
1989,1813,2000
1989,1813,2000
1989,1813,2000
1989,1814,2000
1989,1814,2000
1989,1815,2000
1989,1815,2000
1989,1815,2000
1989,1816,2000
1989,1816,2000
1989,1816,2000
1989,1817,2000
1989,1817,2000
1989,1817,2000
1989,1818,2000
1989,1818,2000
1989,1818,2000
1989,1819,2000
1989,1819,2000
1989,1820,2000
1989,1820,2000
1989,1820,2000
1989,1821,2000
1989,1821,2000
1989,1821,2000
1989,1822,2000
1989,1822,2000
1989,1822,2000
1989,1823,2000
1988,1823,2000
1988,1824,2000
1988,1824,2000
1988,1824,2000
1988,1825,2000
1988,1825,2000
1988,1825,2000
1988,1826,2000
1988,1826,2000
1988,1826,2000
1988,1827,2000
1988,1827,2000
1988,1828,2000
1988,1828,2000
1988,1828,2000
1988,1829,2000
1988,1829,2000
1988,1829,2000
1988,1830,2000
1988,1830,2000
1988,1830,2000
1988,1831,2000
1988,1831,2000
1988,1832,2000
1988,1832,2000
1988,1832,2000
1988,1833,2000
1988,1833,2000
1988,1833,2000
1988,1834,2000
1988,1834,2000
1988,1835,2000
1988,1835,2000
1988,1835,2000
1988,1836,2000
1988,1836,2000
1987,1836,2000
1987,1837,2000
1987,1837,2000
1987,1838,2000
1987,1838,2000
1987,1838,2000
1987,1839,2000
1987,1839,2000
1987,1839,2000
1987,1840,2000
1987,1840,2000
1987,1841,2000
1987,1841,2000
1987,1841,2000
1987,1842,2000
1987,1842,2000
1987,1843,2000
1987,1843,2000
1986,1843,2000
1986,1844,2000
1986,1844,2000
1986,1844,2000
1986,1845,2000
1986,1845,2000
1986,1846,2000
1986,1846,2000
1986,1846,2000
1986,1847,2000
1986,1847,2000
1986,1847,2000
1986,1848,2000
1986,1848,2000
1986,1849,2000
1986,1849,2000
1986,1849,2000
1985,1850,2000
1985,1850,2000
1985,1851,2000
1985,1851,2000
1985,1851,2000
1985,1852,2000
1985,1852,2000
1985,1853,2000
1985,1853,2000
1985,1853,2000
1985,1854,2000
1985,1854,2000
1985,1855,2000
1984,1855,2000
1984,1855,2000
1984,1856,2000
1984,1856,2000
1984,1856,2000
1984,1857,2000
1984,1857,2000
1984,1858,2000
1984,1858,2000
1984,1858,2000
1983,1859,2000
1983,1859,2000
1983,1860,2000
1983,1860,2000
1983,1860,2000
1983,1861,2000
1983,1861,2000
1983,1862,2000
1983,1862,2000
1983,1862,2000
1983,1863,2000
1982,1863,2000
1982,1864,2000
1982,1864,2000
1982,1864,2000
1982,1865,2000
1982,1865,2000
1982,1866,2000
1982,1866,2000
1982,1867,2000
1982,1867,2000
1981,1867,2000
1981,1868,2000
1981,1868,2000
1981,1869,2000
1981,1869,2000
1981,1869,2000
1981,1870,2000
1981,1870,2000
1981,1871,2000
1981,1871,2000
1980,1871,2000
1980,1872,2000
1980,1872,2000
1980,1873,2000
1980,1873,2000
1980,1874,2000
1980,1874,2000
1980,1874,2000
1979,1875,2000
1979,1875,2000
1979,1876,2000
1979,1876,2000
1979,1876,2000
1979,1877,2000
1979,1877,2000
1978,1878,2000
1978,1878,2000
1978,1879,2000
1978,1879,2000
1978,1879,2000
1978,1880,2000
1978,1880,2000
1977,1881,2000
1977,1881,2000
1977,1881,2000
1977,1882,2000
1977,1882,2000
1977,1883,2000
1977,1883,2000
1977,1884,2000
1976,1884,2000
1976,1884,2000
1976,1885,2000
1976,1885,2000
1976,1886,2000
1976,1886,2000
1976,1887,2000
1975,1887,2000
1975,1888,2000
1975,1888,2000
1975,1888,2000
1975,1889,2000
1975,1889,2000
1975,1890,2000
1974,1890,2000
1974,1891,2000
1974,1891,2000
1974,1891,2000
1974,1892,2000
1974,1892,2000
1974,1893,2000
1973,1893,2000
1973,1894,2000
1973,1894,2000
1973,1895,2000
1973,1895,2000
1973,1895,2000
1972,1896,2000
1972,1896,2000
1972,1897,2000
1972,1897,2000
1972,1898,2000
1972,1898,2000
1971,1899,2000
1971,1899,2000
1971,1899,2000
1971,1900,2000
1971,1900,2000
1970,1901,2000
1970,1901,2000
1970,1902,2000
1970,1902,2000
1970,1903,2000
1970,1903,2000
1969,1904,2000
1969,1904,2000
1969,1904,2000
1969,1905,2000
1969,1905,2000
1969,1906,2000
1968,1906,2000
1968,1907,2000
1968,1907,2000
1968,1908,2000
1968,1908,2000
1967,1909,2000
1967,1909,2000
1967,1910,2000
1967,1910,2000
1967,1911,2000
1967,1911,2000
1966,1911,2000
1966,1912,2000
1966,1912,2000
1966,1913,2000
1966,1913,2000
1966,1914,2000
1965,1914,2000
1965,1915,2000
1965,1915,2000
1965,1916,2000
1965,1916,2000
1964,1917,2000
1964,1917,2000
1964,1918,2000
1964,1918,2000
1964,1919,2000
1963,1919,2000
1963,1920,2000
1963,1920,2000
1963,1921,2000
1963,1921,2000
1962,1922,2000
1962,1922,2000
1962,1923,2000
1962,1923,2000
1961,1924,2000
1961,1924,2000
1961,1925,2000
1961,1925,2000
1961,1926,2000
1960,1926,2000
1960,1927,2000
1960,1927,2000
1960,1928,2000
1960,1928,2000
1959,1929,2000
1959,1929,2000
1959,1930,2000
1959,1930,2000
1958,1931,2000
1958,1931,2000
1958,1932,2000
1958,1932,2000
1958,1933,2000
1957,1933,2000
1957,1934,2000
1957,1934,2000
1957,1935,2000
1956,1935,2000
1956,1936,2000
1956,1936,2000
1956,1937,2000
1956,1937,2000
1955,1938,2000
1955,1938,2000
1955,1939,2000
1955,1940,2000
1955,1940,2000
1954,1941,2000
1954,1941,2000
1954,1942,2000
1954,1942,2000
1953,1943,2000
1953,1943,2000
1953,1944,2000
1953,1944,2000
1952,1945,2000
1952,1946,2000
1952,1946,2000
1952,1947,2000
1951,1947,2000
1951,1948,2000
1951,1948,2000
1951,1949,2000
1950,1949,2000
1950,1950,2000
1950,1951,2000
1950,1951,2000
1949,1952,2000
1949,1952,2000
1949,1953,2000
1949,1953,2000
1948,1954,2000
1948,1955,2000
1948,1955,2000
1948,1956,2000
1947,1956,2000
1947,1957,2000
1947,1957,2000
1947,1958,2000
1946,1959,2000
1946,1959,2000
1946,1960,2000
1946,1961,2000
1945,1961,2000
1945,1962,2000
1945,1962,2000
1945,1963,2000
1944,1964,2000
1944,1964,2000
1944,1965,2000
1944,1965,2000
1943,1966,2000
1943,1967,2000
1943,1967,2000
1943,1968,2000
1942,1969,2000
1942,1969,2000
1942,1970,2000
1942,1971,2000
1941,1971,2000
1941,1972,2000
1941,1973,2000
1940,1973,2000
1940,1974,2000
1940,1975,2000
1940,1975,2000
1939,1976,2000
1939,1976,2000
1939,1977,2000
1938,1978,2000
1938,1979,2000
1938,1979,2000
1938,1980,2000
1937,1981,2000
1937,1981,2000
1937,1982,2000
1936,1983,2000
1936,1983,2000
1936,1984,2000
1936,1985,2000
1935,1986,2000
1935,1986,2000
1935,1987,2000
1934,1988,2000
1934,1988,2000
1934,1989,2000
1934,1990,2000
1933,1991,2000
1933,1992,2000
1933,1992,2000
1932,1993,2000
1932,1994,2000
1932,1995,2000
1932,1995,2000
1931,1996,2000
1931,1997,2000
1931,1998,2000
1930,1999,2000
1930,2000,2000
1930,2000,2000
1930,2001,2000
1929,2002,2000
1929,2003,2000
1929,2004,2000
1928,2005,2000
1928,2006,2000
1928,2006,2000
1928,2007,2000
1927,2008,2000
1927,2009,2000
1927,2010,2000
1926,2011,2000
1926,2012,2000
1926,2013,2000
1925,2014,2000
1925,2015,2000
1925,2016,2000
1924,2017,2000
1924,2018,2000
1924,2019,2000
1924,2020,2000
1923,2021,2000
1923,2022,2000
1923,2023,2000
1922,2024,2000
1922,2025,2000
1922,2026,2000
1921,2027,2000
1921,2029,2000
1921,2030,2000
1920,2031,2000
1920,2032,2000
1920,2034,2000
1919,2035,2000
1919,2036,2000
1919,2038,2000
1918,2039,2000
1918,2040,2000
1918,2042,2000
1917,2043,2000
1917,2045,2000
1917,2047,2000
1916,2048,2000
1916,2050,2000
1916,2052,2000
1916,2054,2000
1915,2056,2000
1915,2058,2000
1915,2060,2000
1914,2062,2000
1914,2065,2000
1914,2068,2000
1913,2071,2000
1913,2075,2000
1913,2079,2000
1912,2086,2000
1912,2086,2000
1912,2086,2000
1912,2086,2000
1912,2086,2000
1912,2086,2000
1912,2086,2000
1912,2086,2000
1912,2086,2000
1912,2086,2000
1912,2086,2000
1912,2086,2000
1912,2086,2000
1912,2086,2000
1912,2086,2000
1912,2086,2000
1912,2086,2000
1912,2086,2000
1912,2086,2000
1912,2086,2000
1912,2086,2000
1912,2086,2000
1912,2086,2000
1912,2086,2000
1912,2086,2000
1912,2086,2000
1912,2086,2000
1912,2086,2000
1912,2086,2000
1912,2086,2000
1912,2086,2000
1912,2086,2000
1912,2086,2000
1912,2086,2000
1912,2086,2000
1912,2086,2000
1912,2086,2000
1912,2086,2000
1912,2086,2000
1912,2086,2000
1912,2086,2000
1912,2086,2000
1912,2086,2000
1912,2086,2000
1912,2086,2000
1912,2086,2000
1912,2086,2000
1912,2086,2000
1912,2086,2000
1912,2086,2000
1912,2086,2000
1912,2086,2000
1912,2086,2000
1912,2086,2000
1912,2086,2000
1912,2086,2000
1912,2086,2000
1912,2086,2000
1912,2086,2000
1912,2086,2000
1912,2086,2000
1912,2086,2000
1912,2086,2000
1912,2086,2000
1912,2086,2000
1912,2086,2000
1912,2086,2000
1912,2086,2000
1912,2086,2000
1912,2086,2000
1912,2086,2000
1912,2086,2000
1912,2086,2000
1912,2086,2000
1912,2086,2000
1912,2086,2000
1912,2086,2000
1912,2086,2000
1912,2086,2000
1912,2086,2000
1912,2086,2000
1912,2086,2000
1912,2086,2000
1912,2086,2000
1912,2086,2000
1912,2086,2000
1912,2086,2000
1912,2086,2000
1912,2086,2000
1912,2086,2000
1912,2086,2000
1912,2086,2000
1912,2086,2000
1912,2086,2000
1912,2086,2000
1912,2086,2000
1912,2086,2000
1912,2086,2000
1912,2086,2000
1912,2086,2000
1912,2086,2000
1912,2086,2000
1912,2086,2000
1912,2086,2000
1912,2086,2000
1912,2086,2000
1912,2086,2000
1912,2086,2000
1912,2086,2000
1912,2086,2000
1912,2086,2000
1912,2086,2000
1912,2086,2000
1912,2086,2000
1912,2086,2000
1912,2086,2000
1912,2086,2000
1912,2086,2000
1912,2086,2000
1912,2086,2000
1912,2086,2000
1912,2086,2000
1912,2086,2000
1912,2086,2000
1912,2086,2000
1912,2086,2000
1912,2086,2000
1912,2086,2000
1912,2086,2000
1912,2086,2000
1912,2086,2000
1912,2086,2000
1912,2086,2000
1912,2086,2000
1912,2086,2000
1912,2086,2000
1912,2086,2000
1912,2086,2000
1912,2086,2000
1912,2086,2000
1912,2086,2000
1912,2086,2000
1912,2086,2000
1912,2086,2000
1912,2086,2000
1912,2086,2000
1912,2086,2000
1912,2086,2000
1912,2086,2000
1912,2086,2000
1912,2086,2000
1912,2086,2000
1912,2086,2000
1912,2086,2000
1912,2086,2000
1912,2086,2000
1912,2086,2000
1912,2086,2000
1912,2086,2000
1912,2086,2000
1912,2086,2000
1912,2086,2000
1912,2086,2000
1912,2086,2000
1912,2086,2000
1912,2086,2000
1912,2086,2000
1912,2086,2000
1912,2086,2000
1912,2086,2000
1912,2086,2000
1912,2086,2000
1912,2086,2000
1912,2086,2000
1912,2086,2000
1912,2086,2000
1912,2086,2000
1912,2086,2000
1912,2086,2000
1912,2086,2000
1912,2086,2000
1912,2086,2000
1912,2086,2000
1912,2086,2000
1912,2086,2000
1912,2086,2000
1912,2086,2000
1912,2086,2000
1912,2086,2000
1912,2086,2000
1912,2086,2000
1912,2086,2000
1912,2086,2000
1912,2086,2000
1912,2086,2000
1912,2086,2000
1912,2086,2000
1912,2086,2000
1912,2086,2000
1912,2086,2000
1912,2086,2000
1912,2086,2000
1912,2086,2000
1912,2086,2000
1912,2086,2000
1912,2086,2000
1912,2086,2000
1912,2086,2000
1912,2086,2000
1912,2086,2000
1912,2086,2000
1912,2086,2000
1912,2086,2000
1912,2086,2000
1912,2086,2000
1912,2086,2000
1912,2086,2000
1912,2086,2000
1912,2086,2000
1912,2086,2000
1912,2086,2000
1912,2086,2000
1912,2086,2000
1912,2086,2000
1912,2086,2000
1912,2086,2000
1912,2086,2000
1912,2086,2000
1912,2086,2000
1912,2086,2000
1912,2086,2000
1912,2086,2000
1912,2086,2000
1912,2086,2000
1912,2086,2000
1912,2086,2000
1912,2086,2000
1912,2086,2000
1912,2086,2000
1912,2086,2000
1912,2086,2000
1912,2086,2000
1912,2086,2000
1912,2086,2000
1912,2086,2000
1912,2086,2000
1912,2086,2000
1912,2086,2000
1912,2086,2000
1912,2086,2000
1912,2086,2000
1912,2086,2000
1912,2086,2000
1912,2086,2000
1912,2086,2000
1912,2086,2000
1912,2086,2000
1912,2086,2000
1912,2086,2000
1912,2086,2000
1912,2086,2000
1912,2086,2000
1912,2086,2000
1912,2086,2000
1912,2086,2000
1912,2086,2000
1912,2086,2000
1912,2086,2000
1912,2086,2000
1912,2086,2000
1912,2086,2000
1912,2086,2000
1912,2086,2000
1912,2086,2000
1912,2086,2000
1912,2086,2000
1912,2086,2000
1912,2086,2000
1912,2086,2000
1912,2086,2000
1912,2086,2000
1912,2086,2000
1912,2086,2000
1912,2086,2000
1912,2086,2000
1912,2086,2000
1912,2086,2000
1912,2086,2000
1912,2086,2000
1912,2086,2000
1912,2086,2000
1912,2086,2000
1912,2086,2000
1912,2086,2000
1912,2086,2000
1912,2086,2000
1912,2086,2000
1912,2086,2000
1912,2086,2000
1912,2086,2000
1912,2086,2000
1912,2086,2000
1912,2086,2000
1912,2086,2000
1912,2086,2000
1912,2086,2000
1912,2086,2000
1912,2086,2000
1912,2086,2000
1912,2086,2000
1912,2086,2000
1912,2086,2000
1912,2086,2000
1912,2086,2000
1912,2086,2000
1912,2086,2000
1912,2086,2000
1912,2086,2000
1912,2086,2000
1912,2086,2000
1912,2086,2000
1912,2086,2000
1912,2086,2000
1912,2086,2000
1912,2086,2000
1912,2086,2000
1912,2086,2000
1912,2086,2000
1912,2086,2000
1912,2086,2000
1912,2086,2000
1912,2086,2000
1912,2086,2000
1912,2086,2000
1912,2086,2000
1912,2086,2000
1912,2086,2000
1912,2086,2000
1912,2086,2000
1912,2086,2000
1912,2086,2000
1912,2086,2000
1912,2086,2000
1912,2086,2000
1912,2086,2000
1912,2086,2000
1912,2086,2000
1912,2086,2000
1912,2086,2000
1912,2086,2000
1912,2086,2000
1912,2086,2000
1912,2086,2000
1912,2086,2000
1912,2086,2000
1912,2086,2000
1912,2086,2000
1912,2086,2000
1912,2086,2000
1912,2086,2000
1912,2086,2000
1912,2086,2000
1912,2086,2000
1912,2086,2000
1912,2086,2000
1912,2086,2000
1912,2086,2000
1912,2086,2000
1912,2086,2000
1912,2086,2000
1912,2086,2000
1912,2086,2000
1912,2086,2000
1912,2086,2000
1912,2086,2000
1912,2086,2000
1912,2086,2000
1912,2086,2000
1912,2086,2000
1912,2086,2000
1912,2086,2000
1912,2086,2000
1912,2086,2000
1912,2086,2000
1912,2086,2000
1912,2086,2000
1912,2086,2000
1912,2086,2000
1912,2086,2000
1912,2086,2000
1912,2086,2000
1912,2086,2000
1912,2086,2000
1912,2086,2000
1912,2086,2000
1912,2086,2000
1912,2086,2000
1912,2086,2000
1912,2086,2000
1912,2086,2000
1912,2086,2000
1912,2086,2000
1912,2086,2000
1912,2086,2000
1912,2086,2000
1912,2086,2000
1912,2086,2000
1912,2086,2000
1912,2086,2000
1912,2086,2000
1912,2086,2000
1912,2086,2000
1912,2086,2000
1912,2086,2000
1912,2086,2000
1912,2086,2000
1912,2086,2000
1912,2086,2000
1912,2086,2000
1912,2086,2000
1912,2086,2000
1912,2086,2000
1912,2086,2000
1912,2086,2000
1912,2086,2000
1912,2086,2000
1912,2086,2000
1912,2086,2000
1912,2086,2000
1912,2086,2000
1912,2086,2000
1912,2086,2000
1912,2086,2000
1912,2086,2000
1912,2086,2000
1912,2086,2000
1912,2086,2000
1912,2086,2000
1912,2086,2000
1912,2086,2000
1912,2086,2000
1912,2086,2000
1912,2086,2000
1912,2086,2000
1912,2086,2000
1912,2086,2000
1912,2086,2000
1912,2086,2000
1912,2086,2000
1912,2086,2000
1912,2086,2000
1912,2086,2000
1912,2086,2000
1912,2086,2000
1912,2086,2000
1912,2086,2000
1912,2086,2000
1912,2086,2000
1912,2086,2000
1912,2086,2000
1912,2086,2000
1912,2086,2000
1912,2086,2000
1912,2086,2000
1912,2086,2000
1912,2086,2000
1912,2086,2000
1912,2086,2000
1912,2086,2000
1912,2086,2000
1912,2086,2000
1912,2086,2000
1912,2086,2000
1912,2086,2000
1912,2086,2000
1912,2086,2000
1912,2086,2000
1912,2086,2000
1912,2086,2000
1912,2086,2000
1912,2086,2000
1912,2086,2000
1912,2086,2000
1912,2086,2000
1912,2086,2000
1912,2086,2000
1912,2086,2000
1912,2086,2000
1912,2086,2000
1912,2086,2000
1912,2086,2000
1912,2086,2000
1912,2086,2000
1912,2086,2000
1912,2086,2000
1912,2086,2000
1912,2086,2000
1912,2086,2000
1912,2086,2000
1912,2086,2000
1912,2086,2000
1912,2086,2000
1912,2086,2000
1912,2086,2000
1912,2086,2000
1912,2086,2000
1912,2086,2000
1912,2086,2000
1912,2086,2000
1912,2086,2000
1912,2086,2000
1912,2086,2000
1912,2086,2000
1912,2086,2000
1912,2086,2000
1912,2086,2000
1912,2086,2000
1912,2086,2000
1912,2086,2000
1912,2086,2000
1912,2086,2000
1912,2086,2000
1912,2086,2000
1912,2086,2000
1912,2086,2000
1912,2086,2000
1912,2086,2000
1912,2086,2000
1912,2086,2000
1912,2086,2000
1912,2086,2000
1912,2086,2000
1912,2086,2000
1912,2086,2000
1912,2086,2000
1912,2086,2000
1912,2086,2000
1912,2086,2000
1912,2086,2000
1912,2086,2000
1912,2086,2000
1912,2086,2000
1912,2086,2000
1912,2086,2000
1912,2086,2000
1912,2086,2000
1912,2086,2000
1912,2086,2000
1912,2086,2000
1912,2086,2000
1912,2086,2000
1912,2086,2000
1912,2086,2000
1912,2086,2000
1912,2086,2000
1912,2086,2000
1912,2086,2000
1912,2086,2000
1912,2086,2000
1912,2086,2000
1912,2086,2000
1912,2086,2000
1912,2086,2000
1912,2086,2000
1912,2086,2000
1912,2086,2000
1912,2086,2000
1912,2086,2000
1912,2086,2000
1912,2086,2000
1912,2086,2000
1912,2086,2000
1912,2086,2000
1912,2086,2000
1912,2086,2000
1912,2086,2000
1912,2086,2000
1912,2086,2000
1912,2086,2000
1912,2086,2000
1912,2086,2000
1912,2086,2000
1912,2086,2000
1912,2086,2000
1912,2086,2000
1912,2086,2000
1912,2086,2000
1912,2086,2000
1912,2086,2000
1912,2086,2000
1912,2086,2000
1912,2086,2000
1912,2086,2000
1912,2086,2000
1912,2086,2000
1912,2086,2000
1912,2086,2000
1912,2086,2000
1912,2086,2000
1912,2086,2000
1912,2086,2000
1912,2086,2000
1912,2086,2000
1912,2086,2000
1912,2086,2000
1912,2086,2000
1912,2086,2000
1912,2086,2000
1912,2086,2000
1912,2086,2000
1912,2086,2000
1912,2086,2000
1912,2086,2000
1912,2086,2000
1912,2086,2000
1912,2086,2000
1912,2086,2000
1912,2086,2000
1912,2086,2000
1912,2086,2000
1912,2086,2000
1912,2086,2000
1912,2086,2000
1912,2086,2000
1912,2086,2000
1912,2086,2000
1912,2086,2000
1912,2086,2000
1912,2086,2000
1912,2086,2000
1912,2086,2000
1912,2086,2000
1912,2086,2000
1912,2086,2000
1912,2086,2000
1912,2086,2000
1912,2086,2000
1912,2086,2000
1912,2086,2000
1912,2086,2000
1912,2086,2000
1912,2086,2000
1912,2086,2000
1912,2086,2000
1912,2086,2000
1912,2086,2000
1912,2086,2000
1912,2086,2000
1912,2086,2000
1912,2086,2000
1912,2086,2000
1912,2086,2000
1912,2086,2000
1912,2086,2000
1912,2086,2000
1912,2086,2000
1912,2086,2000
1912,2086,2000
1912,2086,2000
1912,2086,2000
1912,2086,2000
1912,2086,2000
1912,2086,2000
1912,2086,2000
1912,2086,2000
1912,2086,2000
1912,2086,2000
1912,2086,2000
1912,2086,2000
1912,2086,2000
1912,2086,2000
1912,2086,2000
1912,2086,2000
1912,2086,2000
1912,2086,2000
1912,2086,2000
1912,2086,2000
1912,2086,2000
1912,2086,2000
1912,2086,2000
1912,2086,2000
1912,2086,2000
1912,2086,2000
1912,2086,2000
1912,2086,2000
1912,2086,2000
1912,2086,2000
1912,2086,2000
1912,2086,2000
1912,2086,2000
1912,2086,2000
1912,2086,2000
1912,2086,2000
1912,2086,2000
1912,2086,2000
1912,2086,2000
1912,2086,2000
1912,2086,2000
1912,2086,2000
1912,2086,2000
1912,2086,2000
1912,2086,2000
1912,2086,2000
1912,2086,2000
1912,2086,2000
1912,2086,2000
1912,2086,2000
1912,2086,2000
1912,2086,2000
1912,2086,2000
1912,2086,2000
1912,2086,2000
1912,2086,2000
1912,2086,2000
1912,2086,2000
1912,2086,2000
1912,2086,2000
1912,2086,2000
1912,2086,2000
1912,2086,2000
1912,2086,2000
1912,2086,2000
1912,2086,2000
1912,2086,2000
1912,2086,2000
1912,2086,2000
1912,2086,2000
1912,2086,2000
1912,2086,2000
1912,2086,2000
1912,2086,2000
1912,2086,2000
1912,2086,2000
1912,2086,2000
1912,2086,2000
1912,2086,2000
1912,2086,2000
1912,2086,2000
1912,2086,2000
1912,2086,2000
1912,2086,2000
1912,2086,2000
1912,2086,2000
1912,2086,2000
1912,2086,2000
1912,2086,2000
1912,2086,2000
1912,2086,2000
1912,2086,2000
1912,2086,2000
1912,2086,2000
1912,2086,2000
1912,2086,2000
1912,2086,2000
1912,2086,2000
1912,2086,2000
1912,2086,2000
1912,2086,2000
1912,2086,2000
1912,2086,2000
1912,2086,2000
1912,2086,2000
1912,2086,2000
1912,2086,2000
1912,2086,2000
1912,2086,2000
1912,2086,2000
1912,2086,2000
1912,2086,2000
1912,2086,2000
1912,2086,2000
1912,2086,2000
1912,2086,2000
1912,2086,2000
1912,2086,2000
1912,2086,2000
1912,2086,2000
1912,2086,2000
1912,2086,2000
1912,2086,2000
1912,2086,2000
1912,2086,2000
1912,2086,2000
1912,2086,2000
1912,2086,2000
1912,2086,2000
1912,2086,2000
1912,2086,2000
1912,2086,2000
1912,2086,2000
1912,2086,2000
1912,2086,2000
1912,2086,2000
1912,2086,2000
1912,2086,2000
1912,2086,2000
1912,2086,2000
1912,2086,2000
1912,2086,2000
1912,2086,2000
1912,2086,2000
1912,2086,2000
1912,2086,2000
1912,2086,2000
1912,2086,2000
1912,2086,2000
1912,2086,2000
1912,2086,2000
1912,2086,2000
1912,2086,2000
1912,2086,2000
1912,2086,2000
1912,2086,2000
1912,2086,2000
1912,2086,2000
1912,2086,2000
1912,2086,2000
1912,2086,2000
1912,2086,2000
1912,2086,2000
1912,2086,2000
1912,2086,2000
1912,2086,2000
1912,2086,2000
1912,2086,2000
1912,2086,2000
1912,2086,2000
1912,2086,2000
1912,2086,2000
1912,2086,2000
1912,2086,2000
1912,2086,2000
1912,2086,2000
1912,2086,2000
1912,2086,2000
1912,2086,2000
1912,2086,2000
1912,2086,2000
1912,2086,2000
1912,2086,2000
1912,2086,2000
1912,2086,2000
1912,2086,2000
1912,2086,2000
1912,2086,2000
1912,2086,2000
1912,2086,2000
1912,2086,2000
1912,2086,2000
1912,2086,2000
1912,2086,2000
1912,2086,2000
1912,2086,2000
1912,2086,2000
1912,2086,2000
1912,2086,2000
1912,2086,2000
1912,2086,2000
1912,2086,2000
1912,2086,2000
1912,2086,2000
1912,2086,2000
1912,2086,2000
1912,2086,2000
1912,2086,2000
1912,2086,2000
1912,2086,2000
1912,2086,2000
1912,2086,2000
1912,2086,2000
1912,2086,2000
1912,2086,2000
1912,2086,2000
1912,2086,2000
1912,2086,2000
1912,2086,2000
1912,2086,2000
1912,2086,2000
1912,2086,2000
1912,2086,2000
1912,2086,2000
1912,2086,2000
1912,2086,2000
1912,2086,2000
1912,2086,2000
1912,2086,2000
1912,2086,2000
1912,2086,2000
1912,2086,2000
1912,2086,2000
1912,2086,2000
1912,2086,2000
1912,2086,2000
1912,2086,2000
1912,2086,2000
1912,2086,2000
1912,2086,2000
1912,2086,2000
1912,2086,2000
1912,2086,2000
1912,2086,2000
1912,2086,2000
1912,2086,2000
1912,2086,2000
1912,2086,2000
1912,2086,2000
1912,2086,2000
1912,2086,2000
1912,2086,2000
1912,2086,2000
1912,2086,2000
1912,2086,2000
1912,2086,2000
1912,2086,2000
1912,2086,2000
1912,2086,2000
1912,2086,2000
1912,2086,2000
1912,2086,2000
1912,2086,2000
1912,2086,2000
1912,2086,2000
1912,2086,2000
1912,2086,2000
1912,2086,2000
1912,2086,2000
1912,2086,2000
1912,2086,2000
1912,2086,2000
1912,2086,2000
1912,2086,2000
1912,2086,2000
1912,2086,2000
1912,2086,2000
1912,2086,2000
1912,2086,2000
1912,2086,2000
1912,2086,2000
1912,2086,2000
1912,2086,2000
1912,2086,2000
1912,2086,2000
1912,2086,2000
1912,2086,2000
1912,2086,2000
1912,2086,2000
1912,2086,2000
1912,2086,2000
1912,2086,2000
1912,2086,2000
1912,2086,2000
1912,2086,2000
1912,2086,2000
1912,2086,2000
1912,2086,2000
1912,2086,2000
1912,2086,2000
1912,2086,2000
1912,2086,2000
1912,2086,2000
1912,2086,2000
1912,2086,2000
1912,2086,2000
1912,2086,2000
1912,2086,2000
1912,2086,2000
1912,2086,2000
1912,2086,2000
1912,2086,2000
1912,2086,2000
1912,2086,2000
1912,2086,2000
1912,2086,2000
1912,2086,2000
1912,2086,2000
1912,2086,2000
1912,2086,2000
1912,2086,2000
1912,2086,2000
1912,2086,2000
1912,2086,2000
1912,2086,2000
1912,2086,2000
1912,2086,2000
1912,2086,2000
1912,2086,2000
1912,2086,2000
1912,2086,2000
1912,2086,2000
1912,2086,2000
1912,2086,2000
1912,2086,2000
1912,2086,2000
1912,2086,2000
1912,2086,2000
1912,2086,2000
1912,2086,2000
1912,2086,2000
1912,2086,2000
1912,2086,2000
1912,2086,2000
1912,2086,2000
1912,2086,2000
1912,2086,2000
1912,2086,2000
1912,2086,2000
1912,2086,2000
1912,2086,2000
1912,2086,2000
1912,2086,2000
1912,2086,2000
1912,2086,2000
1912,2086,2000
1912,2086,2000
1912,2086,2000
1912,2086,2000
1912,2086,2000
1912,2086,2000
1912,2086,2000
1912,2086,2000
1912,2086,2000
1912,2086,2000
1912,2086,2000
1912,2086,2000
1912,2086,2000
1912,2086,2000
1912,2086,2000
1912,2086,2000
1912,2086,2000
1912,2086,2000
1912,2086,2000
1912,2086,2000
1912,2086,2000
1912,2086,2000
1912,2086,2000
1912,2086,2000
1912,2086,2000
1912,2086,2000
1912,2086,2000
1912,2086,2000
1912,2086,2000
1912,2086,2000
1912,2086,2000
1912,2086,2000
1912,2086,2000
1912,2086,2000
1912,2086,2000
1912,2086,2000
1912,2086,2000
1912,2086,2000
1912,2086,2000
1912,2086,2000
1912,2086,2000
1912,2086,2000
1912,2086,2000
1912,2086,2000
1912,2086,2000
1912,2086,2000
1912,2086,2000
1912,2086,2000
1912,2086,2000
1912,2086,2000
1912,2086,2000
1912,2086,2000
1912,2086,2000
1912,2086,2000
1912,2086,2000
1912,2086,2000
1912,2086,2000
1912,2086,2000
1912,2086,2000
1912,2086,2000
1912,2086,2000
1912,2086,2000
1912,2086,2000
1912,2086,2000
1912,2086,2000
1912,2086,2000
1912,2086,2000
1912,2086,2000
1912,2086,2000
1912,2086,2000
1912,2086,2000
1912,2086,2000
1912,2086,2000
1912,2086,2000
1912,2086,2000
1912,2086,2000
1912,2086,2000
1912,2086,2000
1912,2086,2000
1912,2086,2000
1912,2086,2000
1912,2086,2000
1912,2086,2000
1912,2086,2000
1912,2086,2000
1912,2086,2000
1912,2086,2000
1912,2086,2000
1912,2086,2000
1912,2086,2000
1912,2086,2000
1912,2086,2000
1912,2086,2000
1912,2086,2000
1912,2086,2000
1912,2086,2000
1912,2086,2000
1912,2086,2000
1912,2086,2000
1912,2086,2000
1912,2086,2000
1912,2086,2000
1912,2086,2000
1912,2086,2000
1912,2086,2000
1912,2086,2000
1912,2086,2000
1912,2086,2000
1912,2086,2000
1912,2086,2000
1912,2086,2000
1912,2086,2000
1912,2086,2000
1912,2086,2000
1912,2086,2000
1912,2086,2000
1912,2086,2000
1912,2086,2000
1912,2086,2000
1912,2086,2000
1912,2086,2000
1912,2086,2000
1912,2086,2000
1912,2086,2000
1912,2086,2000
1912,2086,2000
1912,2086,2000
1912,2086,2000
1912,2086,2000
1912,2086,2000
1912,2086,2000
1912,2086,2000
1912,2086,2000
1912,2086,2000
1912,2086,2000
1912,2086,2000
1912,2086,2000
1912,2086,2000
1912,2086,2000
1912,2086,2000
1912,2086,2000
1912,2086,2000
1912,2086,2000
1912,2086,2000
1912,2086,2000
1912,2086,2000
1912,2086,2000
1912,2086,2000
1912,2086,2000
1912,2086,2000
1912,2086,2000
1912,2086,2000
1912,2086,2000
1912,2086,2000
1912,2086,2000
1912,2086,2000
1912,2086,2000
1912,2086,2000
1912,2086,2000
1912,2086,2000
1912,2086,2000
1912,2086,2000
1912,2086,2000
1912,2086,2000
1912,2086,2000
1912,2086,2000
1912,2086,2000
1912,2086,2000
1912,2086,2000
1912,2086,2000
1912,2086,2000
1912,2086,2000
1912,2086,2000
1912,2086,2000
1912,2086,2000
1912,2086,2000
1912,2086,2000
1912,2086,2000
1912,2086,2000
1912,2086,2000
1912,2086,2000
1912,2086,2000
1912,2086,2000
1912,2086,2000
1912,2086,2000
1912,2086,2000
1912,2086,2000
1912,2086,2000
1912,2086,2000
1912,2086,2000
1912,2086,2000
1912,2086,2000
1912,2086,2000
1912,2086,2000
1912,2086,2000
1912,2086,2000
1912,2086,2000
1912,2086,2000
1912,2086,2000
1912,2086,2000
1912,2086,2000
1912,2086,2000
1912,2086,2000
1912,2086,2000
1912,2086,2000
1912,2086,2000
1912,2086,2000
1912,2086,2000
1912,2086,2000
1912,2086,2000
1912,2086,2000
1912,2086,2000
1912,2086,2000
1912,2086,2000
1912,2086,2000
1912,2086,2000
1912,2086,2000
1912,2086,2000
1912,2086,2000
1912,2086,2000
1912,2086,2000
1912,2086,2000
1912,2086,2000
1912,2086,2000
1912,2086,2000
1912,2086,2000
1912,2086,2000
1912,2086,2000
1912,2086,2000
1912,2086,2000
1912,2086,2000
1912,2086,2000
1912,2086,2000
1912,2086,2000
1912,2086,2000
1912,2086,2000
1912,2086,2000
1912,2086,2000
1912,2086,2000
1912,2086,2000
1912,2086,2000
1912,2086,2000
1912,2086,2000
1912,2086,2000
1912,2086,2000
1912,2086,2000
1912,2086,2000
1912,2086,2000
1912,2086,2000
1912,2086,2000
1912,2086,2000
1912,2086,2000
1912,2086,2000
1912,2086,2000
1912,2086,2000
1912,2086,2000
1912,2086,2000
1912,2086,2000
1912,2086,2000
1912,2086,2000
1912,2086,2000
1912,2086,2000
1912,2086,2000
1912,2086,2000
1912,2086,2000
1912,2086,2000
1912,2086,2000
1912,2086,2000
1912,2086,2000
1912,2086,2000
1912,2086,2000
1912,2086,2000
1912,2086,2000
1912,2086,2000
1912,2086,2000
1912,2086,2000
1912,2086,2000
1912,2086,2000
1912,2086,2000
1912,2086,2000
1912,2086,2000
1912,2086,2000
1912,2086,2000
1912,2086,2000
1912,2086,2000
1912,2086,2000
1912,2086,2000
1912,2086,2000
1912,2086,2000
1912,2086,2000
1912,2086,2000
1912,2086,2000
1912,2086,2000
1912,2086,2000
1912,2086,2000
1912,2086,2000
1912,2086,2000
1912,2086,2000
1912,2086,2000
1912,2086,2000
1912,2086,2000
1912,2086,2000
1912,2086,2000
1912,2086,2000
1912,2086,2000
1912,2086,2000
1912,2086,2000
1912,2086,2000
1912,2086,2000
1912,2086,2000
1912,2086,2000
1912,2086,2000
1912,2086,2000
1912,2086,2000
1912,2086,2000
1912,2086,2000
1912,2086,2000
1912,2086,2000
1912,2086,2000
1912,2086,2000
1912,2086,2000
1912,2086,2000
1912,2086,2000
1912,2086,2000
1912,2086,2000
1912,2086,2000
1912,2086,2000
1912,2086,2000
1912,2086,2000
1912,2086,2000
1912,2086,2000
1912,2086,2000
1912,2086,2000
1912,2086,2000
1912,2086,2000
1912,2086,2000
1912,2086,2000
1912,2086,2000
1912,2086,2000
1912,2086,2000
1912,2086,2000
1912,2086,2000
1912,2086,2000
1912,2086,2000
1912,2086,2000
1912,2086,2000
1912,2086,2000
1912,2086,2000
1912,2086,2000
1912,2086,2000
1912,2086,2000
1912,2086,2000
1912,2086,2000
1912,2086,2000
1912,2086,2000
1912,2086,2000
1912,2086,2000
1912,2086,2000
1912,2086,2000
1912,2086,2000
1912,2086,2000
1912,2086,2000
1912,2086,2000
1912,2086,2000
1912,2086,2000
1912,2086,2000
1912,2086,2000
1912,2086,2000
1642,1950,2000
1643,1942,2000
1643,1937,2000
1643,1933,2000
1643,1929,2000
1644,1926,2000
1644,1924,2000
1644,1921,2000
1645,1919,2000
1645,1917,2000
1645,1915,2000
1645,1913,2000
1646,1911,2000
1646,1909,2000
1646,1907,2000
1647,1905,2000
1647,1904,2000
1647,1902,2000
1647,1901,2000
1648,1899,2000
1648,1898,2000
1648,1896,2000
1649,1895,2000
1649,1893,2000
1649,1892,2000
1649,1891,2000
1650,1889,2000
1650,1888,2000
1650,1887,2000
1651,1886,2000
1651,1884,2000
1651,1883,2000
1652,1882,2000
1652,1881,2000
1652,1880,2000
1653,1879,2000
1653,1877,2000
1653,1876,2000
1653,1875,2000
1654,1874,2000
1654,1873,2000
1654,1872,2000
1655,1871,2000
1655,1870,2000
1655,1869,2000
1656,1868,2000
1656,1867,2000
1656,1866,2000
1657,1865,2000
1657,1864,2000
1657,1863,2000
1657,1862,2000
1658,1861,2000
1658,1860,2000
1658,1860,2000
1659,1859,2000
1659,1858,2000
1659,1857,2000
1659,1856,2000
1660,1855,2000
1660,1854,2000
1660,1853,2000
1661,1852,2000
1661,1852,2000
1661,1851,2000
1662,1850,2000
1662,1849,2000
1662,1848,2000
1662,1847,2000
1663,1847,2000
1663,1846,2000
1663,1845,2000
1664,1844,2000
1664,1843,2000
1664,1843,2000
1664,1842,2000
1665,1841,2000
1665,1840,2000
1665,1840,2000
1666,1839,2000
1666,1838,2000
1666,1837,2000
1667,1837,2000
1667,1836,2000
1667,1835,2000
1668,1834,2000
1668,1834,2000
1668,1833,2000
1669,1832,2000
1669,1832,2000
1669,1831,2000
1669,1830,2000
1670,1829,2000
1670,1829,2000
1670,1828,2000
1671,1827,2000
1671,1827,2000
1671,1826,2000
1672,1825,2000
1672,1825,2000
1672,1824,2000
1673,1823,2000
1673,1823,2000
1673,1822,2000
1673,1821,2000
1674,1821,2000
1674,1820,2000
1674,1819,2000
1675,1819,2000
1675,1818,2000
1675,1817,2000
1676,1817,2000
1676,1816,2000
1676,1815,2000
1676,1815,2000
1677,1814,2000
1677,1814,2000
1677,1813,2000
1678,1812,2000
1678,1812,2000
1678,1811,2000
1678,1810,2000
1679,1810,2000
1679,1809,2000
1679,1809,2000
1680,1808,2000
1680,1807,2000
1680,1807,2000
1681,1806,2000
1681,1806,2000
1681,1805,2000
1682,1805,2000
1682,1804,2000
1682,1803,2000
1683,1803,2000
1683,1802,2000
1683,1802,2000
1683,1801,2000
1684,1801,2000
1684,1800,2000
1684,1799,2000
1685,1799,2000
1685,1798,2000
1685,1798,2000
1686,1797,2000
1686,1797,2000
1686,1796,2000
1687,1796,2000
1687,1795,2000
1687,1794,2000
1688,1794,2000
1688,1793,2000
1688,1793,2000
1688,1792,2000
1689,1792,2000
1689,1791,2000
1689,1791,2000
1690,1790,2000
1690,1790,2000
1690,1789,2000
1691,1789,2000
1691,1788,2000
1691,1788,2000
1692,1787,2000
1692,1787,2000
1692,1786,2000
1692,1785,2000
1693,1785,2000
1693,1784,2000
1693,1784,2000
1694,1783,2000
1694,1783,2000
1694,1782,2000
1695,1782,2000
1695,1781,2000
1695,1781,2000
1695,1780,2000
1696,1780,2000
1696,1779,2000
1696,1779,2000
1697,1779,2000
1697,1778,2000
1697,1778,2000
1698,1777,2000
1698,1777,2000
1698,1776,2000
1699,1776,2000
1699,1775,2000
1699,1775,2000
1700,1774,2000
1700,1774,2000
1700,1773,2000
1701,1773,2000
1701,1772,2000
1701,1772,2000
1702,1772,2000
1702,1771,2000
1702,1771,2000
1702,1770,2000
1703,1770,2000
1703,1769,2000
1703,1769,2000
1704,1768,2000
1704,1768,2000
1704,1767,2000
1705,1767,2000
1705,1767,2000
1705,1766,2000
1706,1766,2000
1706,1765,2000
1706,1765,2000
1707,1764,2000
1707,1764,2000
1707,1763,2000
1707,1763,2000
1708,1763,2000
1708,1762,2000
1708,1762,2000
1709,1761,2000
1709,1761,2000
1709,1760,2000
1710,1760,2000
1710,1760,2000
1710,1759,2000
1710,1759,2000
1711,1758,2000
1711,1758,2000
1711,1757,2000
1712,1757,2000
1712,1757,2000
1712,1756,2000
1713,1756,2000
1713,1755,2000
1713,1755,2000
1714,1755,2000
1714,1754,2000
1714,1754,2000
1715,1753,2000
1715,1753,2000
1715,1753,2000
1716,1752,2000
1716,1752,2000
1716,1751,2000
1717,1751,2000
1717,1751,2000
1717,1750,2000
1718,1750,2000
1718,1750,2000
1718,1749,2000
1719,1749,2000
1719,1748,2000
1719,1748,2000
1720,1748,2000
1720,1747,2000
1720,1747,2000
1720,1746,2000
1721,1746,2000
1721,1746,2000
1721,1745,2000
1722,1745,2000
1722,1745,2000
1722,1744,2000
1723,1744,2000
1723,1743,2000
1723,1743,2000
1724,1743,2000
1724,1742,2000
1724,1742,2000
1725,1742,2000
1725,1741,2000
1725,1741,2000
1725,1741,2000
1726,1740,2000
1726,1740,2000
