2068,1694,2000
2068,1694,2000
2068,1694,2000
2068,1694,2000
2068,1694,2000
2068,1694,2000
2068,1694,2000
2068,1694,2000
2068,1694,2000
2068,1694,2000
2068,1694,2000
2068,1694,2000
2068,1694,2000
2068,1694,2000
2068,1694,2000
2068,1694,2000
2068,1694,2000
2068,1694,2000
2068,1694,2000
2068,1694,2000
2068,1694,2000
2068,1694,2000
2068,1694,2000
2068,1694,2000
2068,1694,2000
2068,1694,2000
2068,1694,2000
2068,1694,2000
2068,1694,2000
2068,1694,2000
2068,1694,2000
2068,1694,2000
2068,1694,2000
2068,1694,2000
2068,1694,2000
2068,1694,2000
2068,1694,2000
2068,1694,2000
2068,1694,2000
2068,1694,2000
2068,1694,2000
2068,1694,2000
2068,1694,2000
2068,1694,2000
2068,1694,2000
2068,1694,2000
2068,1694,2000
2068,1694,2000
2068,1694,2000
2068,1694,1000
2067,1694,1000
2067,1694,1000
2067,1694,1000
2067,1694,1000
2067,1695,1000
2067,1695,1000
2067,1695,1000
2067,1695,1000
2067,1695,1000
2067,1695,1000
2067,1695,1000
2067,1695,1000
2067,1695,1000
2067,1695,1000
2066,1695,1000
2066,1695,1000
2066,1695,1000
2066,1695,1000
2066,1695,1000
2066,1695,1000
2066,1695,1000
2066,1695,1000
2066,1695,1000
2066,1695,1000
2066,1695,1000
2066,1695,1000
2066,1695,1000
2065,1695,1000
2065,1695,1000
2065,1695,1000
2065,1695,1000
2065,1695,1000
2065,1695,1000
2065,1695,1000
2065,1695,1000
2065,1695,1000
2065,1695,1000
2065,1695,1000
2065,1695,1000
2065,1695,1000
2065,1695,1000
2064,1695,1000
2064,1695,1000
2064,1695,1000
2064,1695,1000
2064,1695,1000
2064,1695,1000
2064,1695,1000
2064,1695,1000
2064,1695,1000
2064,1695,1000
2064,1695,1000
2064,1695,1000
2064,1695,1000
2064,1695,1000
2063,1695,1000
2063,1695,1000
2063,1695,1000
2063,1695,1000
2063,1695,1000
2063,1696,1000
2063,1696,1000
2063,1696,1000
2063,1696,1000
2063,1696,1000
2063,1696,1000
2063,1696,1000
2063,1696,1000
2063,1696,1000
2063,1696,1000
2062,1696,1000
2062,1696,1000
2062,1696,1000
2062,1696,1000
2062,1696,1000
2062,1696,1000
2062,1696,1000
2062,1696,1000
2062,1696,1000
2062,1696,1000
2062,1696,1000
2062,1696,1000
2062,1696,1000
2062,1696,1000
2062,1696,1000
2061,1696,1000
2061,1696,1000
2061,1696,1000
2061,1696,1000
2061,1696,1000
2061,1696,1000
2061,1696,1000
2061,1696,1000
2061,1696,1000
2061,1696,1000
2061,1696,1000
2061,1696,1000
2061,1696,1000
2061,1696,1000
2060,1697,1000
2060,1697,1000
2060,1697,1000
2060,1697,1000
2060,1697,1000
2060,1697,1000
2060,1697,1000
2060,1697,1000
2060,1697,1000
2060,1697,1000
2060,1697,1000
2060,1697,1000
2060,1697,1000
2060,1697,1000
2060,1697,1000
2060,1697,1000
2060,1697,1000
2059,1697,1000
2059,1697,1000
2059,1697,1000
2059,1697,1000
2059,1697,1000
2059,1697,1000
2059,1697,1000
2059,1697,1000
2059,1697,1000
2059,1697,1000
2059,1697,1000
2059,1697,1000
2059,1698,1000
2059,1698,1000
2059,1698,1000
2059,1698,1000
2059,1698,1000
2058,1698,1000
2058,1698,1000
2058,1698,1000
2058,1698,1000
2058,1698,1000
2058,1698,1000
2058,1698,1000
2058,1698,1000
2058,1698,1000
2058,1698,1000
2058,1698,1000
2058,1698,1000
2058,1698,1000
2058,1698,1000
2058,1698,1000
2058,1698,1000
2058,1698,1000
2057,1698,1000
2057,1698,1000
2057,1698,1000
2057,1698,1000
2057,1698,1000
2057,1699,1000
2057,1699,1000
2057,1699,1000
2057,1699,1000
2057,1699,1000
2057,1699,1000
2057,1699,1000
2057,1699,1000
2057,1699,1000
2057,1699,1000
2057,1699,1000
2057,1699,1000
2057,1699,1000
2057,1699,1000
2056,1699,1000
2056,1699,1000
2056,1699,1000
2056,1699,1000
2056,1699,1000
2056,1699,1000
2056,1699,1000
2056,1699,1000
2056,1699,1000
2056,1700,1000
2056,1700,1000
2056,1700,1000
2056,1700,1000
2056,1700,1000
2056,1700,1000
2056,1700,1000
2056,1700,1000
2056,1700,1000
2056,1700,1000
2056,1700,1000
2055,1700,1000
2055,1700,1000
2055,1700,1000
2055,1700,1000
2055,1700,1000
2055,1700,1000
2055,1700,1000
2055,1700,1000
2055,1700,1000
2055,1700,1000
2055,1700,1000
2055,1700,1000
2055,1701,1000
2055,1701,1000
2055,1701,1000
2055,1701,1000
2055,1701,1000
2055,1701,1000
2055,1701,1000
2055,1701,1000
2055,1701,1000
2054,1701,1000
2054,1701,1000
2054,1701,1000
2054,1701,1000
2054,1701,1000
2054,1701,1000
2054,1701,1000
2054,1701,1000
2054,1701,1000
2054,1701,1000
2054,1702,1000
2054,1702,1000
2054,1702,1000
2054,1702,1000
2054,1702,1000
2054,1702,1000
2054,1702,1000
2054,1702,1000
2054,1702,1000
2054,1702,1000
2054,1702,1000
2054,1702,1000
2054,1702,1000
2053,1702,1000
2053,1702,1000
2053,1702,1000
2053,1702,1000
2053,1702,1000
2053,1702,1000
2053,1703,1000
2053,1703,1000
2053,1703,1000
2053,1703,1000
2053,1703,1000
2053,1703,1000
2053,1703,1000
2053,1703,1000
2053,1703,1000
2053,1703,1000
2053,1703,1000
2053,1703,1000
2053,1703,1000
2053,1703,1000
2053,1703,1000
2053,1703,1000
2053,1703,1000
2053,1703,1000
2053,1704,1000
2052,1704,1000
2052,1704,1000
2052,1704,1000
2052,1704,1000
2052,1704,1000
2052,1704,1000
2052,1704,1000
2052,1704,1000
2052,1704,1000
2052,1704,1000
2052,1704,1000
2052,1704,1000
2052,1704,1000
2052,1704,1000
2052,1704,1000
2052,1704,1000
2052,1705,1000
2052,1705,1000
2052,1705,1000
2052,1705,1000
2052,1705,1000
2052,1705,1000
2052,1705,1000
2052,1705,1000
2052,1705,1000
2052,1705,1000
2052,1705,1000
2052,1705,1000
2052,1705,1000
2051,1705,1000
2051,1705,1000
2051,1705,1000
2051,1706,1000
2051,1706,1000
2051,1706,1000
2051,1706,1000
2051,1706,1000
2051,1706,1000
2051,1706,1000
2051,1706,1000
2051,1706,1000
2051,1706,1000
2051,1706,1000
2051,1706,1000
2051,1706,1000
2051,1706,1000
2051,1706,1000
2051,1706,1000
2051,1707,1000
2051,1707,1000
2051,1707,1000
2051,1707,1000
2051,1707,1000
2051,1707,1000
2051,1707,1000
2051,1707,1000
2051,1707,1000
2051,1707,1000
2051,1707,1000
2051,1707,1000
2051,1707,1000
2051,1707,1000
2051,1707,1000
2050,1708,1000
2050,1708,1000
2050,1708,1000
2050,1708,1000
2050,1708,1000
2050,1708,1000
2050,1708,1000
2050,1708,1000
2050,1708,1000
2050,1708,1000
2050,1708,1000
2050,1708,1000
2050,1708,1000
2050,1708,1000
2050,1708,1000
2050,1709,1000
2050,1709,1000
2050,1709,1000
2050,1709,1000
2050,1709,1000
2050,1709,1000
2050,1709,1000
2050,1709,1000
2050,1709,1000
2050,1709,1000
2050,1709,1000
2050,1709,1000
2050,1709,1000
2050,1709,1000
2050,1709,1000
2050,1710,1000
2050,1710,1000
2050,1710,1000
2050,1710,1000
2050,1710,1000
2050,1710,1000
2050,1710,1000
2050,1710,1000
2050,1710,1000
2050,1710,1000
2050,1710,1000
2050,1710,1000
2050,1710,1000
2050,1710,1000
2050,1711,1000
2049,1711,1000
2049,1711,1000
2049,1711,1000
2049,1711,1000
2049,1711,1000
2049,1711,1000
2049,1711,1000
2049,1711,1000
2049,1711,1000
2049,1711,1000
2049,1711,1000
2049,1711,1000
2049,1712,1000
2049,1712,1000
2049,1712,1000
2049,1712,1000
2049,1712,1000
2049,1712,1000
2049,1712,1000
2049,1712,1000
2049,1712,1000
2049,1712,1000
2049,1712,1000
2049,1712,1000
2049,1712,1000
2049,1712,1000
2049,1713,1000
2049,1713,1000
2049,1713,1000
2049,1713,1000
2049,1713,1000
2049,1713,1000
2049,1713,1000
2049,1713,1000
2049,1713,1000
2049,1713,1000
2049,1713,1000
2049,1713,1000
2049,1713,1000
2049,1714,1000
2049,1714,1000
2049,1714,1000
2049,1714,1000
2049,1714,1000
2049,1714,1000
2049,1714,1000
2049,1714,1000
2049,1714,1000
2049,1714,1000
2049,1714,1000
2049,1714,1000
2049,1714,1000
2049,1715,1000
2049,1715,1000
2049,1715,1000
2049,1715,1000
2049,1715,1000
2049,1715,1000
2049,1715,1000
2049,1715,1000
2049,1715,1000
2049,1715,1000
2049,1715,1000
2049,1715,1000
2049,1716,1000
2049,1716,1000
2049,1716,1000
2049,1716,1000
2049,1716,1000
2049,1716,1000
2049,1716,1000
2049,1716,1000
2049,1716,1000
2049,1716,1000
2049,1716,1000
2049,1716,1000
2049,1716,1000
2049,1717,1000
2049,1717,1000
2049,1717,1000
2049,1717,1000
2049,1717,1000
2049,1717,1000
2049,1717,1000
2049,1717,1000
2049,1717,1000
2049,1717,1000
2049,1717,1000
2049,1717,1000
2049,1718,1000
2049,1718,1000
2049,1718,1000
2049,1718,1000
2049,1718,1000
2049,1718,1000
2049,1718,1000
2049,1718,1000
2049,1718,1000
2049,1718,1000
2049,1718,1000
2049,1718,1000
2049,1719,1000
2049,1719,1000
2049,1719,1000
2049,1719,1000
2049,1719,1000
2049,1719,1000
2049,1719,1000
2049,1719,1000
2049,1719,1000
2049,1719,1000
2049,1719,1000
2049,1719,1000
2049,1720,1000
2049,1720,1000
2049,1720,1000
2049,1720,1000
2049,1720,1000
2049,1720,1000
2049,1720,1000
2049,1720,1000
2049,1720,1000
2049,1720,1000
2049,1720,1000
2049,1720,1000
2049,1721,1000
2049,1721,1000
2049,1721,1000
2049,1721,1000
2049,1721,1000
2049,1721,1000
2049,1721,1000
2049,1721,1000
2049,1721,1000
2049,1721,1000
2049,1721,1000
2049,1721,1000
2049,1722,1000
2049,1722,1000
2049,1722,1000
2049,1722,1000
2049,1722,1000
2049,1722,1000
2049,1722,1000
2049,1722,1000
2049,1722,1000
2049,1722,1000
2049,1722,1000
2049,1722,1000
2049,1723,1000
2049,1723,1000
2049,1723,1000
2049,1723,1000
2049,1723,1000
2049,1723,1000
2049,1723,1000
2049,1723,1000
2049,1723,1000
2049,1723,1000
2049,1723,1000
2049,1724,1000
2049,1724,1000
2049,1724,1000
2049,1724,1000
2049,1724,1000
2049,1724,1000
2049,1724,1000
2049,1724,1000
2049,1724,1000
2049,1724,1000
2049,1724,1000
2049,1724,1000
2049,1725,1000
2049,1725,1000
2049,1725,1000
2049,1725,1000
2049,1725,1000
2049,1725,1000
2049,1725,1000
2049,1725,1000
2049,1725,1000
2049,1725,1000
2049,1725,1000
2049,1726,1000
2049,1726,1000
2049,1726,1000
2049,1726,1000
2049,1726,1000
2049,1726,1000
2049,1726,1000
2049,1726,1000
2049,1726,1000
2049,1726,1000
2049,1726,1000
2049,1727,1000
2049,1727,1000
2049,1727,1000
2049,1727,1000
2049,1727,1000
2049,1727,1000
2049,1727,1000
2049,1727,1000
2050,1727,1000
2050,1727,1000
2050,1727,1000
2050,1728,1000
2050,1728,1000
2050,1728,1000
2050,1728,1000
2050,1728,1000
2050,1728,1000
2050,1728,1000
2050,1728,1000
2050,1728,1000
2050,1728,1000
2050,1728,1000
2050,1728,1000
2050,1729,1000
2050,1729,1000
2050,1729,1000
2050,1729,1000
2050,1729,1000
2050,1729,1000
2050,1729,1000
2050,1729,1000
2050,1729,1000
2050,1729,1000
2050,1729,1000
2050,1730,1000
2050,1730,1000
2050,1730,1000
2050,1730,1000
2050,1730,1000
2050,1730,1000
2050,1730,1000
2050,1730,1000
2050,1730,1000
2050,1730,1000
2050,1730,1000
2050,1731,1000
2050,1731,1000
2050,1731,1000
2050,1731,1000
2050,1731,1000
2050,1731,1000
2050,1731,1000
2050,1731,1000
2050,1731,1000
2051,1731,1000
2051,1731,1000
2051,1732,1000
2051,1732,1000
2051,1732,1000
2051,1732,1000
2051,1732,1000
2051,1732,1000
2051,1732,1000
2051,1732,1000
2051,1732,1000
2051,1732,1000
2051,1733,1000
2051,1733,1000
2051,1733,1000
2051,1733,1000
2051,1733,1000
2051,1733,1000
2051,1733,1000
2051,1733,1000
2051,1733,1000
2051,1733,1000
2051,1733,1000
2051,1734,1000
2051,1734,1000
2051,1734,1000
2051,1734,1000
2051,1734,1000
2051,1734,1000
2051,1734,1000
2051,1734,1000
2051,1734,1000
2051,1734,1000
2051,1734,1000
2051,1735,1000
2051,1735,1000
2052,1735,1000
2052,1735,1000
2052,1735,1000
2052,1735,1000
2052,1735,1000
2052,1735,1000
2052,1735,1000
2052,1735,1000
2052,1735,1000
2052,1736,1000
2052,1736,1000
2052,1736,1000
2052,1736,1000
2052,1736,1000
2052,1736,1000
2052,1736,1000
2052,1736,1000
2052,1736,1000
2052,1736,1000
2052,1736,1000
2052,1737,1000
2052,1737,1000
2052,1737,1000
2052,1737,1000
2052,1737,1000
2052,1737,1000
2052,1737,1000
2053,1737,1000
2053,1737,1000
2053,1737,1000
2053,1737,1000
2053,1738,1000
2053,1738,1000
2053,1738,1000
2053,1738,1000
2053,1738,1000
2053,1738,1000
2053,1738,1000
2053,1738,1000
2053,1738,1000
2053,1738,1000
2053,1739,1000
2053,1739,1000
2053,1739,1000
2053,1739,1000
2053,1739,1000
2053,1739,1000
2053,1739,1000
2053,1739,1000
2053,1739,1000
2053,1739,1000
2053,1739,1000
2053,1740,1000
2053,1740,1000
2054,1740,1000
2054,1740,1000
2054,1740,1000
2054,1740,1000
2054,1740,1000
2054,1740,1000
2054,1740,1000
2054,1740,1000
2054,1740,1000
2054,1741,1000
2054,1741,1000
2054,1741,1000
2054,1741,1000
2054,1741,1000
2054,1741,1000
2054,1741,1000
2054,1741,1000
2054,1741,1000
2054,1741,1000
2054,1741,1000
2054,1742,1000
2054,1742,1000
2055,1742,1000
2055,1742,1000
2055,1742,1000
2055,1742,1000
2055,1742,1000
2055,1742,1000
2055,1742,1000
2055,1742,1000
2055,1742,1000
2055,1743,1000
2055,1743,1000
2055,1743,1000
2055,1743,1000
2055,1743,1000
2055,1743,1000
2055,1743,1000
2055,1743,1000
2055,1743,1000
2055,1743,1000
2055,1744,1000
2055,1744,1000
2055,1744,1000
2055,1744,1000
2056,1744,1000
2056,1744,1000
2056,1744,1000
2056,1744,1000
2056,1744,1000
2056,1744,1000
2056,1744,1000
2056,1745,1000
2056,1745,1000
2056,1745,1000
2056,1745,1000
2056,1745,1000
2056,1745,1000
2056,1745,1000
2056,1745,1000
2056,1745,1000
2056,1745,1000
2056,1745,1000
2056,1746,1000
2057,1746,1000
2057,1746,1000
2057,1746,1000
2057,1746,1000
2057,1746,1000
2057,1746,1000
2057,1746,1000
2057,1746,1000
2057,1746,1000
2057,1746,1000
2057,1747,1000
2057,1747,1000
2057,1747,1000
2057,1747,1000
2057,1747,1000
2057,1747,1000
2057,1747,1000
2057,1747,1000
2057,1747,1000
2058,1747,1000
2058,1747,1000
2058,1748,1000
2058,1748,1000
2058,1748,1000
2058,1748,1000
2058,1748,1000
2058,1748,1000
2058,1748,1000
2058,1748,1000
2058,1748,1000
2058,1748,1000
2058,1748,1000
2058,1749,1000
2058,1749,1000
2058,1749,1000
2058,1749,1000
2058,1749,1000
2058,1749,1000
2059,1749,1000
2059,1749,1000
2059,1749,1000
2059,1749,1000
2059,1749,1000
2059,1750,1000
2059,1750,1000
2059,1750,1000
2059,1750,1000
2059,1750,1000
2059,1750,1000
2059,1750,1000
2059,1750,1000
2059,1750,1000
2059,1750,1000
2059,1750,1000
2059,1751,1000
2060,1751,1000
2060,1751,1000
2060,1751,1000
2060,1751,1000
2060,1751,1000
2060,1751,1000
2060,1751,1000
2060,1751,1000
2060,1751,1000
2060,1751,1000
2060,1751,1000
2060,1752,1000
2060,1752,1000
2060,1752,1000
2060,1752,1000
2060,1752,1000
2061,1752,1000
2061,1752,1000
2061,1752,1000
2061,1752,1000
2061,1752,1000
2061,1752,1000
2061,1753,1000
2061,1753,1000
2061,1753,1000
2061,1753,1000
2061,1753,1000
2061,1753,1000
2061,1753,1000
2061,1753,1000
2061,1753,1000
2061,1753,1000
2061,1753,1000
2062,1754,1000
2062,1754,1000
2062,1754,1000
2062,1754,1000
2062,1754,1000
2062,1754,1000
2062,1754,1000
2062,1754,1000
2062,1754,1000
2062,1754,1000
2062,1754,1000
2062,1754,1000
2062,1755,1000
2062,1755,1000
2062,1755,1000
2063,1755,1000
2063,1755,1000
2063,1755,1000
2063,1755,1000
2063,1755,1000
2063,1755,1000
2063,1755,1000
2063,1755,1000
2063,1756,1000
2063,1756,1000
2063,1756,1000
2063,1756,1000
2063,1756,1000
2063,1756,1000
2063,1756,1000
2064,1756,1000
2064,1756,1000
2064,1756,1000
2064,1756,1000
2064,1756,1000
2064,1757,1000
2064,1757,1000
2064,1757,1000
2064,1757,1000
2064,1757,1000
2064,1757,1000
2064,1757,1000
2064,1757,1000
2064,1757,1000
2064,1757,1000
2065,1757,1000
2065,1758,1000
2065,1758,1000
2065,1758,1000
2065,1758,1000
2065,1758,1000
2065,1758,1000
2065,1758,1000
2065,1758,1000
2065,1758,1000
2065,1758,1000
2065,1758,1000
2065,1758,1000
2065,1759,1000
2066,1759,1000
2066,1759,1000
2066,1759,1000
2066,1759,1000
2066,1759,1000
2066,1759,1000
2066,1759,1000
2066,1759,1000
2066,1759,1000
2066,1759,1000
2066,1759,1000
2066,1760,1000
2066,1760,1000
2067,1760,1000
2067,1760,1000
2067,1760,1000
2067,1760,1000
2067,1760,1000
2067,1760,1000
2067,1760,1000
2067,1760,1000
2067,1760,1000
2067,1760,1000
2067,1761,1000
2067,1761,1000
2067,1761,1000
2067,1761,1000
2068,1761,1000
2068,1761,1000
2068,1761,1000
2068,1761,1000
2068,1761,1000
2068,1761,1000
2068,1761,1000
2068,1761,1000
2068,1762,1000
2068,1762,1000
2068,1762,1000
2068,1762,1000
2068,1762,1000
2068,1762,1000
2069,1762,1000
2069,1762,1000
2069,1762,1000
2069,1762,1000
2069,1762,1000
2069,1762,1000
2069,1762,1000
2069,1763,1000
2069,1763,1000
2069,1763,1000
2069,1763,1000
2069,1763,1000
2070,1763,1000
2070,1763,1000
2070,1763,1000
2070,1763,1000
2070,1763,1000
2070,1763,1000
2070,1763,1000
2070,1763,1000
2070,1764,1000
2070,1764,1000
2070,1764,1000
2070,1764,1000
2070,1764,1000
2071,1764,1000
2071,1764,1000
2071,1764,1000
2071,1764,1000
2071,1764,1000
2071,1764,1000
2071,1764,1000
2071,1764,1000
2071,1765,1000
2071,1765,1000
2071,1765,1000
2071,1765,1000
2071,1765,1000
2072,1765,1000
2072,1765,1000
2072,1765,1000
2072,1765,1000
2072,1765,1000
2072,1765,1000
2072,1765,1000
2072,1766,1000
2072,1766,1000
2072,1766,1000
2072,1766,1000
2072,1766,1000
2073,1766,1000
2073,1766,1000
2073,1766,1000
2073,1766,1000
2073,1766,1000
2073,1766,1000
2073,1766,1000
2073,1766,1000
2073,1766,1000
2073,1767,1000
2073,1767,1000
2073,1767,1000
2074,1767,1000
2074,1767,1000
2074,1767,1000
2074,1767,1000
2074,1767,1000
2074,1767,1000
2074,1767,1000
2074,1767,1000
2074,1767,1000
2074,1767,1000
2074,1767,1000
2074,1768,1000
2075,1768,1000
2075,1768,1000
2075,1768,1000
2075,1768,1000
2075,1768,1000
2075,1768,1000
2075,1768,1000
2075,1768,1000
2075,1768,1000
2075,1768,1000
2075,1768,1000
2075,1768,1000
2076,1769,1000
2076,1769,1000
2076,1769,1000
2076,1769,1000
2076,1769,1000
2076,1769,1000
2076,1769,1000
2076,1769,1000
2076,1769,1000
2076,1769,1000
2076,1769,1000
2076,1769,1000
2077,1769,1000
2077,1769,1000
2077,1770,1000
2077,1770,1000
2077,1770,1000
2077,1770,1000
2077,1770,1000
2077,1770,1000
2077,1770,1000
2077,1770,1000
2077,1770,1000
2077,1770,1000
2078,1770,1000
2078,1770,1000
2078,1770,1000
2078,1770,1000
2078,1770,1000
2078,1771,1000
2078,1771,1000
2078,1771,1000
2078,1771,1000
2078,1771,1000
2078,1771,1000
2079,1771,1000
2079,1771,1000
2079,1771,1000
2079,1771,1000
2079,1771,1000
2079,1771,1000
2079,1771,1000
2079,1771,1000
2079,1771,1000
2079,1772,1000
2079,1772,1000
2080,1772,1000
2080,1772,1000
2080,1772,1000
2080,1772,1000
2080,1772,1000
2080,1772,1000
2080,1772,1000
2080,1772,1000
2080,1772,1000
2080,1772,1000
2080,1772,1000
2080,1772,1000
2081,1772,1000
2081,1773,1000
2081,1773,1000
2081,1773,1000
2081,1773,1000
2081,1773,1000
2081,1773,1000
2081,1773,1000
2081,1773,1000
2081,1773,1000
2081,1773,1000
2082,1773,1000
2082,1773,1000
2082,1773,1000
2082,1773,1000
2082,1773,1000
2082,1773,1000
2082,1774,1000
2082,1774,1000
2082,1774,1000
2082,1774,1000
2082,1774,1000
2083,1774,1000
2083,1774,1000
2083,1774,1000
2083,1774,1000
2083,1774,1000
2083,1774,1000
2083,1774,1000
2083,1774,1000
2083,1774,1000
2083,1774,1000
2083,1774,1000
2084,1775,1000
2084,1775,1000
2084,1775,1000
2084,1775,1000
2084,1775,1000
2084,1775,1000
2084,1775,1000
2084,1775,1000
2084,1775,1000
2084,1775,1000
2084,1775,1000
2085,1775,1000
2085,1775,1000
2085,1775,1000
2085,1775,1000
2085,1775,1000
2085,1775,1000
2085,1776,1000
2085,1776,1000
2085,1776,1000
2085,1776,1000
2085,1776,1000
2086,1776,1000
2086,1776,1000
2086,1776,1000
2086,1776,1000
2086,1776,1000
2086,1776,1000
2086,1776,1000
2086,1776,1000
2086,1776,1000
2086,1776,1000
2087,1776,1000
2087,1776,1000
2087,1776,1000
2087,1777,1000
2087,1777,1000
2087,1777,1000
2087,1777,1000
2087,1777,1000
2087,1777,1000
2087,1777,1000
2087,1777,1000
2088,1777,1000
2088,1777,1000
2088,1777,1000
2088,1777,1000
2088,1777,1000
2088,1777,1000
2088,1777,1000
2088,1777,1000
2088,1777,1000
2088,1777,1000
2089,1777,1000
2089,1778,1000
2089,1778,1000
2089,1778,1000
2089,1778,1000
2089,1778,1000
2089,1778,1000
2089,1778,1000
2089,1778,1000
2089,1778,1000
2089,1778,1000
2090,1778,1000
2090,1778,1000
2090,1778,1000
2090,1778,1000
2090,1778,1000
2090,1778,1000
2090,1778,1000
2090,1778,1000
2090,1778,1000
2090,1779,1000
2090,1779,1000
2091,1779,1000
2091,1779,1000
2091,1779,1000
2091,1779,1000
2091,1779,1000
2091,1779,1000
2091,1779,1000
2091,1779,1000
2091,1779,1000
2091,1779,1000
2092,1779,1000
2092,1779,1000
2092,1779,1000
2092,1779,1000
2092,1779,1000
2092,1779,1000
2092,1779,1000
2092,1779,1000
2092,1779,1000
2092,1780,1000
2093,1780,1000
2093,1780,1000
2093,1780,1000
2093,1780,1000
2093,1780,1000
2093,1780,1000
2093,1780,1000
2093,1780,1000
2093,1780,1000
2093,1780,1000
2093,1780,1000
2094,1780,1000
2094,1780,1000
2094,1780,1000
2094,1780,1000
2094,1780,1000
2094,1780,1000
2094,1780,1000
2094,1780,1000
2094,1780,1000
2094,1780,1000
2095,1781,1000
2095,1781,1000
2095,1781,1000
2095,1781,1000
2095,1781,1000
2095,1781,1000
2095,1781,1000
2095,1781,1000
2095,1781,1000
2095,1781,1000
2095,1781,1000
2096,1781,1000
2096,1781,1000
2096,1781,1000
2096,1781,1000
2096,1781,1000
2096,1781,1000
2096,1781,1000
2096,1781,1000
2096,1781,1000
2096,1781,1000
2097,1781,1000
2097,1781,1000
2097,1781,1000
2097,1781,1000
2097,1782,1000
2097,1782,1000
2097,1782,1000
2097,1782,1000
2097,1782,1000
2097,1782,1000
2098,1782,1000
2098,1782,1000
2098,1782,1000
2098,1782,1000
2098,1782,1000
2098,1782,1000
2098,1782,1000
2098,1782,1000
2098,1782,1000
2098,1782,1000
2099,1782,1000
2099,1782,1000
2099,1782,1000
2099,1782,1000
2099,1782,1000
2099,1782,1000
2099,1782,1000
2099,1782,1000
2099,1782,1000
2099,1782,1000
2099,1783,1000
2100,1783,1000
2100,1783,1000
2100,1783,1000
2100,1783,1000
2100,1783,1000
2100,1783,1000
2100,1783,1000
2100,1783,1000
2100,1783,1000
2100,1783,1000
2101,1783,1000
2101,1783,1000
2101,1783,1000
2101,1783,1000
2101,1783,1000
2101,1783,1000
2101,1783,1000
2101,1783,1000
2101,1783,1000
2101,1783,1000
2102,1783,1000
2102,1783,1000
2102,1783,1000
2102,1783,1000
2102,1783,1000
2102,1783,1000
2102,1783,1000
2102,1783,1000
2102,1783,1000
2102,1783,1000
2102,1783,1000
2103,1784,1000
2103,1784,1000
2103,1784,1000
2103,1784,1000
2103,1784,1000
2103,1784,1000
2103,1784,1000
2103,1784,1000
2103,1784,1000
2103,1784,1000
2104,1784,1000
2104,1784,1000
2104,1784,1000
2104,1784,1000
2104,1784,1000
2104,1784,1000
2104,1784,1000
2104,1784,1000
2104,1784,1000
2104,1784,1000
2105,1784,1000
2105,1784,1000
2105,1784,1000
2105,1784,1000
2105,1784,1000
2105,1784,1000
2105,1784,1000
2105,1784,1000
2105,1784,1000
2105,1784,1000
2105,1784,1000
2106,1784,1000
2106,1784,1000
2106,1784,1000
2106,1784,1000
2106,1784,1000
2106,1784,1000
2106,1784,1000
2106,1785,1000
2106,1785,1000
2106,1785,1000
2107,1785,1000
2107,1785,1000
2107,1785,1000
2107,1785,1000
2107,1785,1000
2107,1785,1000
2107,1785,1000
2107,1785,1000
2107,1785,1000
2107,1785,1000
2108,1785,1000
2108,1785,1000
2108,1785,1000
2108,1785,1000
2108,1785,1000
2108,1785,1000
2108,1785,1000
2108,1785,1000
2108,1785,1000
2108,1785,1000
2108,1785,1000
2109,1785,1000
2109,1785,1000
2109,1785,1000
2109,1785,1000
2109,1785,1000
2109,1785,1000
2109,1785,1000
2109,1785,1000
2109,1785,1000
2109,1785,1000
2110,1785,1000
2110,1785,1000
2110,1785,1000
2110,1785,1000
2110,1785,1000
2110,1785,1000
2110,1785,1000
2110,1785,1000
2110,1785,1000
2110,1785,1000
2110,1785,1000
2111,1785,1000
2111,1785,1000
2111,1785,1000
2111,1785,1000
2111,1785,1000
2111,1785,1000
2111,1785,1000
2111,1786,1000
2111,1786,1000
2111,1786,1000
2112,1786,1000
2112,1786,1000
2112,1786,1000
2112,1786,1000
2112,1786,1000
2112,1786,1000
2112,1786,1000
2112,1786,1000
2112,1786,1000
2112,1786,1000
2112,1786,1000
2113,1786,1000
2113,1786,1000
2113,1786,1000
2113,1786,1000
2113,1786,1000
2113,1786,1000
2113,1786,1000
2113,1786,1000
2113,1786,1000
2113,1786,1000
2114,1786,1000
2114,1786,1000
2114,1786,1000
2114,1786,1000
2114,1786,1000
2114,1786,1000
2114,1786,1000
2114,1786,1000
2114,1786,1000
2114,1786,1000
2114,1786,1000
2115,1786,1000
2115,1786,1000
2115,1786,1000
2115,1786,1000
2115,1786,1000
2115,1786,1000
2115,1786,1000
2115,1786,1000
2115,1786,1000
2115,1786,1000
2115,1786,1000
2116,1786,1000
2116,1786,1000
2116,1786,1000
2116,1786,1000
2116,1786,1000
2116,1786,1000
2116,1786,1000
2116,1786,1000
2116,1786,1000
2116,1786,1000
2116,1786,1000
2117,1786,1000
2117,1786,1000
2117,1786,1000
2117,1786,1000
2117,1786,1000
2117,1786,1000
2117,1786,1000
2117,1786,1000
2117,1786,1000
2117,1786,1000
2118,1786,1000
2118,1786,1000
2118,1786,1000
2118,1786,1000
2118,1786,1000
2118,1786,1000
2118,1786,1000
2118,1786,1000
2118,1786,1000
2118,1786,1000
2118,1786,1000
2119,1786,1000
2119,1786,1000
2119,1786,1000
2119,1786,1000
2119,1786,1000
2119,1786,1000
2119,1786,1000
2119,1786,1000
2119,1786,1000
2119,1786,1000
2119,1786,1000
2119,1786,1000
2120,1786,1000
2120,1786,1000
2120,1786,1000
2120,1786,1000
2120,1786,1000
2120,1786,1000
2120,1786,1000
2120,1786,1000
2120,1786,1000
2120,1786,1000
2120,1786,1000
2121,1786,1000
2121,1786,1000
2121,1786,1000
2121,1786,1000
2121,1786,1000
2121,1786,1000
2121,1786,1000
2121,1786,1000
2121,1786,1000
2121,1786,1000
2121,1786,1000
2122,1786,1000
2122,1786,1000
2122,1786,1000
2122,1786,1000
2122,1786,1000
2122,1786,1000
2122,1786,1000
2122,1786,1000
2122,1786,1000
2122,1786,1000
2122,1786,1000
2123,1786,1000
2123,1786,1000
2123,1786,1000
2123,1786,1000
2123,1786,1000
2123,1786,1000
2123,1786,1000
2123,1786,1000
2123,1786,1000
2123,1786,1000
2123,1786,1000
2123,1786,1000
2124,1786,1000
2124,1786,1000
2124,1786,1000
2124,1786,1000
2124,1786,1000
2124,1786,1000
2124,1786,1000
2124,1786,1000
2124,1786,1000
2124,1786,1000
2124,1786,1000
2124,1786,1000
2125,1786,1000
2125,1786,1000
2125,1786,1000
2125,1786,1000
2125,1786,1000
2125,1786,1000
2125,1786,1000
2125,1786,1000
2125,1786,1000
2125,1786,1000
2125,1786,1000
2125,1786,1000
2126,1786,1000
2126,1786,1000
2126,1786,1000
2126,1786,1000
2126,1786,1000
2126,1786,1000
2126,1786,1000
2126,1786,1000
2126,1786,1000
2126,1786,1000
2126,1786,1000
2126,1786,1000
2127,1786,1000
2127,1786,1000
2127,1785,1000
2127,1785,1000
2127,1785,1000
2127,1785,1000
2127,1785,1000
2127,1785,1000
2127,1785,1000
2127,1785,1000
2127,1785,1000
2127,1785,1000
2128,1785,1000
2128,1785,1000
2128,1785,1000
2128,1785,1000
2128,1785,1000
2128,1785,1000
2128,1785,1000
2128,1785,1000
2128,1785,1000
2128,1785,1000
2128,1785,1000
2128,1785,1000
2128,1785,1000
2129,1785,1000
2129,1785,1000
2129,1785,1000
2129,1785,1000
2129,1785,1000
2129,1785,1000
2129,1785,1000
2129,1785,1000
2129,1785,1000
2129,1785,1000
2129,1785,1000
2129,1785,1000
2130,1785,1000
2130,1785,1000
2130,1785,1000
2130,1785,1000
2130,1785,1000
2130,1785,1000
2130,1785,1000
2130,1785,1000
2130,1785,1000
2130,1785,1000
2130,1785,1000
2130,1785,1000
2130,1785,1000
2131,1785,1000
2131,1785,1000
2131,1785,1000
2131,1785,1000
2131,1784,1000
2131,1784,1000
2131,1784,1000
2131,1784,1000
2131,1784,1000
2131,1784,1000
2131,1784,1000
2131,1784,1000
2131,1784,1000
2132,1784,1000
2132,1784,1000
2132,1784,1000
2132,1784,1000
2132,1784,1000
2132,1784,1000
2132,1784,1000
2132,1784,1000
2132,1784,1000
2132,1784,1000
2132,1784,1000
2132,1784,1000
2132,1784,1000
2132,1784,1000
2133,1784,1000
2133,1784,1000
2133,1784,1000
2133,1784,1000
2133,1784,1000
2133,1784,1000
2133,1784,1000
2133,1784,1000
2133,1784,1000
2133,1784,1000
2133,1784,1000
2133,1784,1000
2133,1784,1000
2133,1783,1000
2134,1783,1000
2134,1783,1000
2134,1783,1000
2134,1783,1000
2134,1783,1000
2134,1783,1000
2134,1783,1000
2134,1783,1000
2134,1783,1000
2134,1783,1000
2134,1783,1000
2134,1783,1000
2134,1783,1000
2135,1783,1000
2135,1783,1000
2135,1783,1000
2135,1783,1000
2135,1783,1000
2135,1783,1000
2135,1783,1000
2135,1783,1000
2135,1783,1000
2135,1783,1000
2135,1783,1000
2135,1783,1000
2135,1783,1000
2135,1783,1000
2135,1783,1000
2135,1783,1000
2136,1783,1000
2136,1783,1000
2136,1782,1000
2136,1782,1000
2136,1782,1000
2136,1782,1000
2136,1782,1000
2136,1782,1000
2136,1782,1000
2136,1782,1000
2136,1782,1000
2136,1782,1000
2136,1782,1000
2136,1782,1000
2136,1782,1000
2137,1782,1000
2137,1782,1000
2137,1782,1000
2137,1782,1000
2137,1782,1000
2137,1782,1000
2137,1782,1000
2137,1782,1000
2137,1782,1000
2137,1782,1000
2137,1782,1000
2137,1782,1000
2137,1782,1000
2137,1782,1000
2137,1781,1000
2138,1781,1000
2138,1781,1000
2138,1781,1000
2138,1781,1000
2138,1781,1000
2138,1781,1000
2138,1781,1000
2138,1781,1000
2138,1781,1000
2138,1781,1000
2138,1781,1000
2138,1781,1000
2138,1781,1000
2138,1781,1000
2138,1781,1000
2138,1781,1000
2138,1781,1000
2139,1781,1000
2139,1781,1000
2139,1781,1000
2139,1781,1000
2139,1781,1000
2139,1781,1000
2139,1781,1000
2139,1780,1000
2139,1780,1000
2139,1780,1000
2139,1780,1000
2139,1780,1000
2139,1780,1000
2139,1780,1000
2139,1780,1000
2139,1780,1000
2139,1780,1000
2140,1780,1000
2140,1780,1000
2140,1780,1000
2140,1780,1000
2140,1780,1000
2140,1780,1000
2140,1780,1000
2140,1780,1000
2140,1780,1000
2140,1780,1000
2140,1780,1000
2140,1780,1000
2140,1779,1000
2140,1779,1000
2140,1779,1000
2140,1779,1000
2140,1779,1000
2141,1779,1000
2141,1779,1000
2141,1779,1000
2141,1779,1000
2141,1779,1000
2141,1779,1000
2141,1779,1000
2141,1779,1000
2141,1779,1000
2141,1779,1000
2141,1779,1000
2141,1779,1000
2141,1779,1000
2141,1779,1000
2141,1779,1000
2141,1779,1000
2141,1778,1000
2141,1778,1000
2141,1778,1000
2141,1778,1000
2142,1778,1000
2142,1778,1000
2142,1778,1000
2142,1778,1000
2142,1778,1000
2142,1778,1000
2142,1778,1000
2142,1778,1000
2142,1778,1000
2142,1778,1000
2142,1778,1000
2142,1778,1000
2142,1778,1000
2142,1778,1000
2142,1778,1000
2142,1778,1000
2142,1777,1000
2142,1777,1000
2142,1777,1000
2142,1777,1000
2142,1777,1000
2143,1777,1000
2143,1777,1000
2143,1777,1000
2143,1777,1000
2143,1777,1000
2143,1777,1000
2143,1777,1000
2143,1777,1000
2143,1777,1000
2143,1777,1000
2143,1777,1000
2143,1777,1000
2143,1777,1000
2143,1777,1000
2143,1777,1000
2143,1776,1000
2143,1776,1000
2143,1776,1000
2143,1776,1000
2143,1776,1000
2143,1776,1000
2144,1776,1000
2144,1776,1000
2144,1776,1000
2144,1776,1000
2144,1776,1000
2144,1776,1000
2144,1776,1000
2144,1776,1000
2144,1776,1000
2144,1776,1000
2144,1776,1000
2144,1775,1000
2144,1775,1000
2144,1775,1000
2144,1775,1000
2144,1775,1000
2144,1775,1000
2144,1775,1000
2144,1775,1000
2144,1775,1000
2144,1775,1000
2144,1775,1000
2144,1775,1000
2144,1775,1000
2144,1775,1000
2144,1775,1000
2145,1775,1000
2145,1775,1000
2145,1774,1000
2145,1774,1000
2145,1774,1000
2145,1774,1000
2145,1774,1000
2145,1774,1000
2145,1774,1000
2145,1774,1000
2145,1774,1000
2145,1774,1000
2145,1774,1000
2145,1774,1000
2145,1774,1000
2145,1774,1000
2145,1774,1000
2145,1774,1000
2145,1774,1000
2145,1773,1000
2145,1773,1000
2145,1773,1000
2145,1773,1000
2145,1773,1000
2145,1773,1000
2145,1773,1000
2145,1773,1000
2145,1773,1000
2146,1773,1000
2146,1773,1000
2146,1773,1000
2146,1773,1000
2146,1773,1000
2146,1773,1000
2146,1773,1000
2146,1772,1000
2146,1772,1000
2146,1772,1000
2146,1772,1000
2146,1772,1000
2146,1772,1000
2146,1772,1000
2146,1772,1000
2146,1772,1000
2146,1772,1000
2146,1772,1000
2146,1772,1000
2146,1772,1000
2146,1772,1000
2146,1772,1000
2146,1771,1000
2146,1771,1000
2146,1771,1000
2146,1771,1000
2146,1771,1000
2146,1771,1000
2146,1771,1000
2146,1771,1000
2146,1771,1000
2146,1771,1000
2146,1771,1000
2146,1771,1000
2147,1771,1000
2147,1771,1000
2147,1771,1000
2147,1771,1000
2147,1770,1000
2147,1770,1000
2147,1770,1000
2147,1770,1000
2147,1770,1000
2147,1770,1000
2147,1770,1000
2147,1770,1000
2147,1770,1000
2147,1770,1000
2147,1770,1000
2147,1770,1000
2147,1770,1000
2147,1770,1000
2147,1769,1000
2147,1769,1000
2147,1769,1000
2147,1769,1000
2147,1769,1000
2147,1769,1000
2147,1769,1000
2147,1769,1000
2147,1769,1000
2147,1769,1000
2147,1769,1000
2147,1769,1000
2147,1769,1000
2147,1769,1000
2147,1769,1000
2147,1768,1000
2147,1768,1000
2147,1768,1000
2147,1768,1000
2147,1768,1000
2147,1768,1000
2147,1768,1000
2147,1768,1000
2147,1768,1000
2147,1768,1000
2147,1768,1000
2147,1768,1000
2147,1768,1000
2147,1768,1000
2147,1767,1000
2147,1767,1000
2148,1767,1000
2148,1767,1000
2148,1767,1000
2148,1767,1000
2148,1767,1000
2148,1767,1000
2148,1767,1000
2148,1767,1000
2148,1767,1000
2148,1767,1000
2148,1767,1000
2148,1767,1000
2148,1766,1000
2148,1766,1000
2148,1766,1000
2148,1766,1000
2148,1766,1000
2148,1766,1000
2148,1766,1000
2148,1766,1000
2148,1766,1000
2148,1766,1000
2148,1766,1000
2148,1766,1000
2148,1766,1000
2148,1765,1000
2148,1765,1000
2148,1765,1000
2148,1765,1000
2148,1765,1000
2148,1765,1000
2148,1765,1000
2148,1765,1000
2148,1765,1000
2148,1765,1000
2148,1765,1000
2148,1765,1000
2148,1765,1000
2148,1764,1000
2148,1764,1000
2148,1764,1000
2148,1764,1000
2148,1764,1000
2148,1764,1000
2148,1764,1000
2148,1764,1000
2148,1764,1000
2148,1764,1000
2148,1764,1000
2148,1764,1000
2148,1764,1000
2148,1764,1000
2148,1763,1000
2148,1763,1000
2148,1763,1000
2148,1763,1000
2148,1763,1000
2148,1763,1000
2148,1763,1000
2148,1763,1000
2148,1763,1000
2148,1763,1000
2148,1763,1000
2148,1763,1000
2148,1762,1000
2148,1762,1000
2148,1762,1000
2148,1762,1000
2148,1762,1000
2148,1762,1000
2148,1762,1000
2148,1762,1000
2148,1762,1000
2148,1762,1000
2148,1762,1000
2148,1762,1000
2148,1762,1000
2148,1761,1000
2148,1761,1000
2148,1761,1000
2148,1761,1000
2148,1761,1000
2148,1761,1000
2148,1761,1000
2148,1761,1000
2148,1761,1000
2148,1761,1000
2148,1761,1000
2148,1761,1000
2148,1760,1000
2148,1760,1000
2148,1760,1000
2148,1760,1000
2148,1760,1000
2148,1760,1000
2148,1760,1000
2148,1760,1000
2148,1760,1000
2148,1760,1000
2148,1760,1000
2148,1760,1000
2148,1760,1000
2148,1759,1000
2148,1759,1000
2148,1759,1000
2148,1759,1000
2148,1759,1000
2148,1759,1000
2148,1759,1000
2148,1759,1000
2148,1759,1000
2148,1759,1000
2148,1759,1000
2148,1759,1000
2148,1758,1000
2148,1758,1000
2148,1758,1000
2148,1758,1000
2148,1758,1000
2148,1758,1000
2148,1758,1000
2148,1758,1000
2148,1758,1000
2148,1758,1000
2148,1758,1000
2148,1758,1000
2148,1757,1000
2148,1757,1000
2148,1757,1000
2148,1757,1000
2148,1757,1000
2148,1757,1000
2148,1757,1000
2148,1757,1000
2148,1757,1000
2148,1757,1000
2148,1757,1000
2148,1757,1000
2148,1756,1000
2147,1756,1000
2147,1756,1000
2147,1756,1000
2147,1756,1000
2147,1756,1000
2147,1756,1000
2147,1756,1000
2147,1756,1000
2147,1756,1000
2147,1756,1000
2147,1756,1000
2147,1755,1000
2147,1755,1000
2147,1755,1000
2147,1755,1000
2147,1755,1000
2147,1755,1000
2147,1755,1000
2147,1755,1000
2147,1755,1000
2147,1755,1000
2147,1755,1000
2147,1755,1000
2147,1754,1000
2147,1754,1000
2147,1754,1000
2147,1754,1000
2147,1754,1000
2147,1754,1000
2147,1754,1000
2147,1754,1000
2147,1754,1000
2147,1754,1000
2147,1754,1000
2147,1753,1000
2147,1753,1000
2147,1753,1000
2147,1753,1000
2147,1753,1000
2147,1753,1000
2147,1753,1000
2147,1753,1000
2147,1753,1000
2147,1753,1000
2147,1753,1000
2147,1752,1000
2147,1752,1000
2147,1752,1000
2147,1752,1000
2146,1752,1000
2146,1752,1000
2146,1752,1000
2146,1752,1000
2146,1752,1000
2146,1752,1000
2146,1752,1000
2146,1752,1000
2146,1751,1000
2146,1751,1000
2146,1751,1000
2146,1751,1000
2146,1751,1000
2146,1751,1000
2146,1751,1000
2146,1751,1000
2146,1751,1000
2146,1751,1000
2146,1751,1000
2146,1750,1000
2146,1750,1000
2146,1750,1000
2146,1750,1000
2146,1750,1000
2146,1750,1000
2146,1750,1000
2146,1750,1000
2146,1750,1000
2146,1750,1000
2146,1750,1000
2146,1750,1000
2146,1749,1000
2146,1749,1000
2146,1749,1000
2145,1749,1000
2145,1749,1000
2145,1749,1000
2145,1749,1000
2145,1749,1000
2145,1749,1000
2145,1749,1000
2145,1749,1000
2145,1748,1000
2145,1748,1000
2145,1748,1000
2145,1748,1000
2145,1748,1000
2145,1748,1000
2145,1748,1000
2145,1748,1000
2145,1748,1000
2145,1748,1000
2145,1748,1000
2145,1747,1000
2145,1747,1000
2145,1747,1000
2145,1747,1000
2145,1747,1000
2145,1747,1000
2145,1747,1000
2145,1747,1000
2145,1747,1000
2145,1747,1000
2144,1747,1000
2144,1746,1000
2144,1746,1000
2144,1746,1000
2144,1746,1000
2144,1746,1000
2144,1746,1000
2144,1746,1000
2144,1746,1000
2144,1746,1000
2144,1746,1000
2144,1746,1000
2144,1745,1000
2144,1745,1000
2144,1745,1000
2144,1745,1000
2144,1745,1000
2144,1745,1000
2144,1745,1000
2144,1745,1000
2144,1745,1000
2144,1745,1000
2144,1745,1000
2143,1744,1000
2143,1744,1000
2143,1744,1000
2143,1744,1000
2143,1744,1000
2143,1744,1000
2143,1744,1000
2143,1744,1000
2143,1744,1000
2143,1744,1000
2143,1744,1000
2143,1743,1000
2143,1743,1000
2143,1743,1000
2143,1743,1000
2143,1743,1000
2143,1743,1000
2143,1743,1000
2143,1743,1000
2143,1743,1000
2143,1743,1000
2143,1743,1000
2142,1742,1000
2142,1742,1000
2142,1742,1000
2142,1742,1000
2142,1742,1000
2142,1742,1000
2142,1742,1000
2142,1742,1000
2142,1742,1000
2142,1742,1000
2142,1742,1000
2142,1741,1000
2142,1741,1000
2142,1741,1000
2142,1741,1000
2142,1741,1000
2142,1741,1000
2142,1741,1000
2142,1741,1000
2142,1741,1000
2141,1741,1000
2141,1741,1000
2141,1740,1000
2141,1740,1000
2141,1740,1000
2141,1740,1000
2141,1740,1000
2141,1740,1000
2141,1740,1000
2141,1740,1000
2141,1740,1000
2141,1740,1000
2141,1740,1000
2141,1739,1000
2141,1739,1000
2141,1739,1000
2141,1739,1000
2141,1739,1000
2141,1739,1000
2140,1739,1000
2140,1739,1000
2140,1739,1000
2140,1739,1000
2140,1739,1000
2140,1738,1000
2140,1738,1000
2140,1738,1000
2140,1738,1000
2140,1738,1000
2140,1738,1000
2140,1738,1000
2140,1738,1000
2140,1738,1000
2140,1738,1000
2140,1738,1000
2140,1737,1000
2140,1737,1000
2139,1737,1000
2139,1737,1000
2139,1737,1000
2139,1737,1000
2139,1737,1000
2139,1737,1000
2139,1737,1000
2140,1737,1000
2140,1737,1000
2140,1737,1000
2140,1737,1000
2140,1737,1000
2140,1737,1000
2140,1737,1000
2140,1737,1000
2140,1737,1000
2140,1737,1000
2140,1737,1000
2140,1737,1000
2140,1737,1000
2140,1737,1000
2140,1737,1000
2140,1737,1000
2141,1737,1000
2141,1737,1000
2141,1737,1000
2141,1737,1000
2141,1737,1000
2141,1737,1000
2141,1737,1000
2141,1737,1000
2141,1737,1000
2141,1737,1000
2141,1737,1000
2141,1737,1000
2141,1737,1000
2141,1737,1000
2141,1737,1000
2141,1736,1000
2142,1736,1000
2142,1736,1000
2142,1736,1000
2142,1736,1000
2142,1736,1000
2142,1736,1000
2142,1736,1000
2142,1736,1000
2142,1736,1000
2142,1736,1000
2142,1736,1000
2142,1736,1000
2142,1736,1000
2142,1736,1000
2142,1736,1000
2142,1736,1000
2142,1736,1000
2142,1736,1000
2142,1736,1000
2142,1736,1000
2142,1736,1000
2142,1736,1000
2142,1736,1000
2142,1735,1000
2142,1735,1000
2142,1735,1000
2142,1735,1000
2142,1735,1000
2142,1735,1000
2142,1735,1000
2141,1735,1000
2141,1735,1000
2141,1735,1000
2141,1735,1000
2141,1734,1000
2141,1734,1000
2141,1734,1000
2141,1734,1000
2141,1734,1000
2141,1734,1000
2141,1734,1000
2141,1734,1000
2141,1734,1000
2141,1734,1000
2141,1734,1000
2141,1733,1000
2141,1733,1000
2140,1733,1000
2140,1733,1000
2140,1733,1000
2140,1733,1000
2140,1733,1000
2140,1733,1000
2140,1733,1000
2140,1733,1000
2140,1733,1000
2140,1732,1000
2140,1732,1000
2140,1732,1000
2140,1732,1000
2140,1732,1000
2140,1732,1000
2140,1732,1000
2140,1732,1000
2140,1732,1000
2139,1732,1000
2139,1732,1000
2139,1731,1000
2139,1731,1000
2139,1731,1000
2139,1731,1000
2139,1731,1000
2139,1731,1000
2139,1731,1000
2139,1731,1000
2139,1731,1000
2139,1731,1000
2139,1731,1000
2139,1730,1000
2139,1730,1000
2139,1730,1000
2139,1730,1000
2139,1730,1000
2139,1730,1000
2139,1730,1000
2138,1730,1000
2138,1730,1000
2138,1730,1000
2138,1730,1000
2138,1729,1000
2138,1729,1000
2138,1729,1000
2138,1729,1000
2138,1729,1000
2138,1729,1000
2138,1729,1000
2138,1729,1000
2138,1729,1000
2138,1729,1000
2138,1729,1000
2138,1728,1000
2138,1728,1000
2138,1728,1000
2138,1728,1000
2138,1728,1000
2137,1728,1000
2137,1728,1000
2137,1728,1000
2137,1728,1000
2137,1728,1000
2137,1728,1000
2137,1727,1000
2137,1727,1000
2137,1727,1000
2137,1727,1000
2137,1727,1000
2137,1727,1000
2137,1727,1000
2137,1727,1000
2137,1727,1000
2137,1727,1000
2137,1727,1000
2137,1726,1000
2137,1726,1000
2137,1726,1000
2137,1726,1000
2137,1726,1000
2137,1726,1000
2136,1726,1000
2136,1726,1000
2136,1726,1000
2136,1726,1000
2136,1726,1000
2136,1725,1000
2136,1725,1000
2136,1725,1000
2136,1725,1000
2136,1725,1000
2136,1725,1000
2136,1725,1000
2136,1725,1000
2136,1725,1000
2136,1725,1000
2136,1725,1000
2136,1724,1000
2136,1724,1000
2136,1724,1000
2136,1724,1000
2136,1724,1000
2136,1724,1000
2136,1724,1000
2136,1724,1000
2136,1724,1000
2135,1724,1000
2135,1724,1000
2135,1723,1000
2135,1723,1000
2135,1723,1000
2135,1723,1000
2135,1723,1000
2135,1723,1000
2135,1723,1000
2135,1723,1000
2135,1723,1000
2135,1723,1000
2135,1723,1000
2135,1722,1000
2135,1722,1000
2135,1722,1000
2135,1722,1000
2135,1722,1000
2135,1722,1000
2135,1722,1000
2135,1722,1000
2135,1722,1000
2135,1722,1000
2135,1722,1000
2135,1722,1000
2135,1721,1000
2135,1721,1000
2134,1721,1000
2134,1721,1000
2134,1721,1000
2134,1721,1000
2134,1721,1000
2134,1721,1000
2134,1721,1000
2134,1721,1000
2134,1721,1000
2134,1720,1000
2134,1720,1000
2134,1720,1000
2134,1720,1000
2134,1720,1000
2134,1720,1000
2134,1720,1000
2134,1720,1000
2134,1720,1000
2134,1720,1000
2134,1720,1000
2134,1720,1000
2134,1719,1000
2134,1719,1000
2134,1719,1000
2134,1719,1000
2134,1719,1000
2134,1719,1000
2134,1719,1000
2134,1719,1000
2134,1719,1000
2134,1719,1000
2134,1719,1000
2133,1718,1000
2133,1718,1000
2133,1718,1000
2133,1718,1000
2133,1718,1000
2133,1718,1000
2133,1718,1000
2133,1718,1000
2133,1718,1000
2133,1718,1000
2133,1718,1000
2133,1718,1000
2133,1717,1000
2133,1717,1000
2133,1717,1000
2133,1717,1000
2133,1717,1000
2133,1717,1000
2133,1717,1000
2133,1717,1000
2133,1717,1000
2133,1717,1000
2133,1717,1000
2133,1717,1000
2133,1716,1000
2133,1716,1000
2133,1716,1000
2133,1716,1000
2133,1716,1000
2133,1716,1000
2133,1716,1000
2133,1716,1000
2133,1716,1000
2133,1716,1000
2133,1716,1000
2133,1716,1000
2133,1715,1000
2133,1715,1000
2133,1715,1000
2133,1715,1000
2133,1715,1000
2133,1715,1000
2132,1715,1000
2132,1715,1000
2132,1715,1000
2132,1715,1000
2132,1715,1000
2132,1715,1000
2132,1714,1000
2132,1714,1000
2132,1714,1000
2132,1714,1000
2132,1714,1000
2132,1714,1000
2132,1714,1000
2132,1714,1000
2132,1714,1000
2132,1714,1000
2132,1714,1000
2132,1714,1000
2132,1713,1000
2132,1713,1000
2132,1713,1000
2132,1713,1000
2132,1713,1000
2132,1713,1000
2132,1713,1000
2132,1713,1000
2132,1713,1000
2132,1713,1000
2132,1713,1000
2132,1713,1000
2132,1713,1000
2132,1712,1000
2132,1712,1000
2132,1712,1000
2132,1712,1000
2132,1712,1000
2132,1712,1000
2132,1712,1000
2132,1712,1000
2132,1712,1000
2132,1712,1000
2132,1712,1000
2132,1712,1000
2132,1712,1000
2132,1711,1000
2132,1711,1000
2132,1711,1000
2132,1711,1000
2132,1711,1000
2132,1711,1000
2132,1711,1000
2132,1711,1000
2132,1711,1000
2132,1711,1000
2132,1711,1000
2132,1711,1000
2132,1710,1000
2132,1710,1000
2132,1710,1000
2132,1710,1000
2132,1710,1000
2132,1710,1000
2132,1710,1000
2132,1710,1000
2132,1710,1000
2132,1710,1000
2132,1710,1000
2132,1710,1000
2132,1710,1000
2132,1709,1000
2132,1709,1000
2132,1709,1000
2132,1709,1000
2132,1709,1000
2132,1709,1000
2132,1709,1000
2132,1709,1000
2132,1709,1000
2132,1709,1000
2132,1709,1000
2132,1709,1000
2132,1709,1000
2131,1709,1000
2131,1708,1000
2131,1708,1000
2131,1708,1000
2131,1708,1000
2131,1708,1000
2131,1708,1000
2131,1708,1000
2131,1708,1000
2131,1708,1000
2131,1708,1000
2131,1708,1000
2131,1708,1000
2131,1708,1000
2131,1707,1000
2131,1707,1000
2131,1707,1000
2131,1707,1000
2131,1707,1000
2131,1707,1000
2131,1707,1000
2131,1707,1000
2131,1707,1000
2131,1707,1000
2131,1707,1000
2131,1707,1000
2131,1707,1000
2131,1707,1000
2131,1706,1000
2131,1706,1000
2131,1706,1000
2131,1706,1000
2131,1706,1000
2131,1706,1000
2131,1706,1000
2131,1706,1000
2131,1706,1000
2131,1706,1000
2131,1706,1000
2131,1706,1000
2131,1706,1000
2131,1706,1000
2131,1705,1000
2131,1705,1000
2131,1705,1000
2131,1705,1000
2131,1705,1000
2131,1705,1000
2132,1705,1000
2132,1705,1000
2132,1705,1000
2132,1705,1000
2132,1705,1000
2132,1705,1000
2132,1705,1000
2132,1705,1000
2132,1705,1000
2132,1704,1000
2132,1704,1000
2132,1704,1000
2132,1704,1000
2132,1704,1000
2132,1704,1000
2132,1704,1000
2132,1704,1000
2132,1704,1000
2132,1704,1000
2132,1704,1000
2132,1704,1000
2132,1704,1000
2132,1704,1000
2132,1704,1000
2132,1703,1000
2132,1703,1000
2132,1703,1000
2132,1703,1000
2132,1703,1000
2132,1703,1000
2132,1703,1000
2132,1703,1000
2132,1703,1000
2132,1703,1000
2132,1703,1000
2132,1703,1000
2132,1703,1000
2132,1703,1000
2132,1703,1000
2132,1702,1000
2132,1702,1000
2132,1702,1000
2132,1702,1000
2132,1702,1000
2132,1702,1000
2132,1702,1000
2132,1702,1000
2132,1702,1000
2132,1702,1000
2132,1702,1000
2132,1702,1000
2132,1702,1000
2132,1702,1000
2132,1702,1000
2132,1702,1000
2132,1701,1000
2132,1701,1000
2132,1701,1000
2132,1701,1000
2132,1701,1000
2132,1701,1000
2132,1701,1000
2132,1701,1000
2132,1701,1000
2132,1701,1000
2132,1701,1000
2132,1701,1000
2132,1701,1000
2132,1701,1000
2132,1701,1000
2132,1701,1000
2132,1701,1000
2132,1700,1000
2132,1700,1000
2132,1700,1000
2132,1700,1000
2132,1700,1000
2132,1700,1000
2132,1700,1000
2132,1700,1000
2132,1700,1000
2132,1700,1000
2132,1700,1000
2133,1700,1000
2133,1700,1000
2133,1700,1000
2133,1700,1000
2133,1700,1000
2133,1700,1000
2133,1699,1000
2133,1699,1000
2133,1699,1000
2133,1699,1000
2133,1699,1000
2133,1699,1000
2133,1699,1000
2133,1699,1000
2133,1699,1000
2133,1699,1000
2133,1699,1000
2133,1699,1000
2133,1699,1000
2133,1699,1000
2133,1699,1000
2133,1699,1000
2133,1699,1000
2133,1699,1000
2133,1699,1000
2133,1698,1000
2133,1698,1000
2133,1698,1000
2133,1698,1000
2133,1698,1000
2133,1698,1000
2133,1698,1000
2133,1698,1000
2133,1698,1000
2133,1698,1000
2133,1698,1000
2133,1698,1000
2133,1698,1000
2133,1698,1000
2134,1698,1000
2134,1698,1000
2134,1698,1000
2134,1698,1000
2134,1697,1000
2134,1697,1000
2134,1697,1000
2134,1697,1000
2134,1697,1000
2134,1697,1000
2134,1697,1000
2134,1697,1000
2134,1697,1000
2134,1697,1000
2134,1697,1000
2134,1697,1000
2134,1697,1000
2134,1697,1000
2134,1697,1000
2134,1697,1000
2134,1697,1000
2134,1697,1000
2134,1697,1000
2134,1697,1000
2134,1697,1000
2134,1696,1000
2134,1696,1000
2134,1696,1000
2134,1696,1000
2134,1696,1000
2134,1696,1000
2135,1696,1000
2135,1696,1000
2135,1696,1000
2135,1696,1000
2135,1696,1000
2135,1696,1000
2135,1696,1000
2135,1696,1000
2135,1696,1000
2135,1696,1000
2135,1696,1000
2135,1696,1000
2135,1696,1000
2135,1696,1000
2135,1696,1000
2135,1696,1000
2135,1695,1000
2135,1695,1000
2135,1695,1000
2135,1695,1000
2135,1695,1000
2135,1695,1000
2135,1695,1000
2135,1695,1000
2135,1695,1000
2135,1695,1000
2135,1695,1000
2135,1695,1000
2136,1695,1000
2136,1695,1000
2136,1695,1000
2136,1695,1000
2136,1695,1000
2136,1695,1000
2136,1695,1000
2136,1695,1000
2136,1695,1000
2136,1695,1000
2136,1695,1000
2136,1695,1000
2136,1694,1000
2136,1694,1000
2136,1694,1000
2136,1694,1000
2136,1694,1000
2136,1694,1000
2136,1694,1000
2136,1694,1000
2136,1694,1000
2136,1694,1000
2136,1694,1000
2137,1694,1000
2137,1694,1000
2137,1694,1000
2137,1694,1000
2137,1694,1000
2137,1694,1000
2137,1694,1000
2137,1694,1000
2137,1694,1000
2137,1694,1000
2137,1694,1000
2137,1694,1000
2137,1694,1000
2137,1694,1000
2137,1694,1000
2137,1694,1000
2137,1693,1000
2137,1693,1000
2137,1693,1000
2137,1693,1000
2137,1693,1000
2137,1693,1000
2138,1693,1000
2138,1693,1000
2138,1693,1000
2138,1693,1000
2138,1693,1000
2138,1693,1000
2138,1693,1000
2138,1693,1000
2138,1693,1000
2138,1693,1000
2138,1693,1000
2138,1693,1000
2138,1693,1000
2138,1693,1000
2138,1693,1000
2138,1693,1000
2138,1693,1000
2138,1693,1000
2138,1693,1000
2138,1693,1000
2139,1693,1000
2139,1693,1000
2139,1693,1000
2139,1693,1000
2139,1693,1000
2139,1693,1000
2139,1692,1000
2139,1692,1000
2139,1692,1000
2139,1692,1000
2139,1692,1000
2139,1692,1000
2139,1692,1000
2139,1692,1000
2139,1692,1000
2139,1692,1000
2139,1692,1000
2139,1692,1000
2140,1692,1000
2140,1692,1000
2140,1692,1000
2140,1692,1000
2140,1692,1000
2140,1692,1000
2140,1692,1000
2140,1692,1000
2140,1692,1000
2140,1692,1000
2140,1692,1000
2140,1692,1000
2140,1692,1000
2140,1692,1000
2140,1692,1000
2140,1692,1000
2140,1692,1000
2140,1692,1000
2141,1692,1000
2141,1692,1000
2141,1692,1000
2141,1692,1000
2141,1692,1000
2141,1692,1000
2141,1692,1000
2141,1692,1000
2141,1692,1000
2141,1692,1000
2141,1691,1000
2141,1691,1000
2141,1691,1000
2141,1691,1000
2141,1691,1000
2141,1691,1000
2142,1691,1000
2142,1691,1000
2142,1691,1000
2142,1691,1000
2142,1691,1000
2142,1691,1000
2142,1691,1000
2142,1691,1000
2142,1691,1000
2142,1691,1000
2142,1691,1000
2142,1691,1000
2142,1691,1000
2142,1691,1000
2142,1691,1000
2142,1691,1000
2143,1691,1000
2143,1691,1000
2143,1691,1000
2143,1691,1000
2143,1691,1000
2143,1691,1000
2143,1691,1000
2143,1691,1000
2143,1691,1000
2143,1691,1000
2143,1691,1000
2143,1691,1000
2143,1691,1000
2143,1691,1000
2143,1691,1000
2143,1691,1000
2144,1691,1000
2144,1691,1000
2144,1691,1000
2144,1691,1000
2144,1691,1000
2144,1691,1000
2144,1691,1000
2144,1691,1000
2144,1691,1000
2144,1691,1000
2144,1691,1000
2144,1691,1000
2144,1691,1000
2144,1691,1000
2145,1691,1000
2145,1691,1000
2145,1691,1000
2145,1691,1000
2145,1691,1000
2145,1691,1000
2145,1691,1000
2145,1691,1000
2145,1691,1000
2145,1691,1000
2145,1691,1000
2145,1691,1000
2145,1691,1000
2145,1691,1000
2146,1691,1000
2146,1691,1000
2146,1691,1000
2146,1691,1000
2146,1691,1000
2146,1691,1000
2146,1691,1000
2146,1690,1000
2146,1690,1000
2146,1690,1000
2146,1690,1000
2146,1690,1000
2146,1690,1000
2146,1690,1000
2147,1690,1000
2147,1690,1000
2147,1690,1000
2147,1690,1000
2147,1690,1000
2147,1690,1000
2147,1690,1000
2147,1690,1000
2147,1690,1000
2147,1690,1000
2147,1690,1000
2147,1690,1000
2147,1690,1000
2147,1690,1000
2147,1690,1000
2147,1690,1000
2148,1690,1000
2148,1690,1000
2148,1690,1000
2148,1690,1000
2148,1690,1000
2148,1690,1000
2148,1690,1000
2148,1690,1000
2148,1690,1000
2148,1690,1000
2148,1690,1000
2148,1690,1000
2148,1690,1000
2148,1690,1000
2148,1690,1000
2148,1690,1000
2148,1690,1000
2148,1690,1000
2149,1690,1000
2149,1690,1000
2149,1690,1000
2149,1690,1000
2149,1690,1000
2149,1690,1000
2149,1690,1000
2149,1690,1000
2149,1690,1000
2149,1690,1000
2149,1690,1000
2149,1690,1000
2149,1690,1000
2149,1690,1000
2149,1690,1000
2149,1690,1000
2149,1690,1000
2149,1690,1000
2150,1690,1000
2150,1690,1000
2150,1690,1000
2150,1690,1000
2150,1690,1000
2150,1690,1000
2150,1690,1000
2150,1690,1000
2150,1690,1000
2150,1690,1000
2150,1690,1000
2150,1690,1000
2150,1690,1000
2150,1690,1000
2151,1690,1000
2151,1690,1000
2151,1690,1000
2151,1690,1000
2151,1690,1000
2151,1690,1000
2151,1690,1000
2151,1690,1000
2151,1690,1000
2151,1691,1000
2151,1691,1000
2151,1691,1000
2152,1691,1000
2152,1691,1000
2152,1691,1000
2152,1691,1000
2152,1691,1000
2152,1691,1000
2152,1691,1000
2152,1691,1000
2152,1691,1000
2152,1691,1000
2152,1691,1000
2153,1691,1000
2153,1691,1000
2153,1691,1000
2153,1691,1000
2153,1691,1000
2153,1691,1000
2153,1691,1000
2153,1691,1000
2153,1691,1000
2153,1691,1000
2153,1691,1000
2153,1691,1000
2154,1691,1000
2154,1691,1000
2154,1691,1000
2154,1691,1000
2154,1691,1000
2154,1691,1000
2154,1691,1000
2154,1691,1000
2154,1691,1000
2154,1691,1000
2154,1691,1000
2154,1691,1000
2155,1691,1000
2155,1691,1000
2155,1691,1000
2155,1691,1000
2155,1691,1000
2155,1691,1000
2155,1691,1000
2155,1691,1000
2155,1691,1000
2155,1691,1000
2155,1691,1000
2156,1691,1000
2156,1691,1000
2156,1691,1000
2156,1691,1000
2156,1691,1000
2156,1691,1000
2156,1691,1000
2156,1691,1000
2156,1691,1000
2156,1691,1000
2157,1691,1000
2157,1691,1000
2157,1691,1000
2157,1691,1000
2157,1691,1000
2157,1691,1000
2157,1691,1000
2157,1691,1000
2157,1691,1000
2157,1691,1000
2157,1691,1000
2158,1691,1000
2158,1691,1000
2158,1692,1000
2158,1692,1000
2158,1692,1000
2158,1692,1000
2158,1692,1000
2158,1692,1000
2158,1692,1000
2158,1692,1000
2158,1692,1000
2159,1692,1000
2159,1692,1000
2159,1692,1000
2159,1692,1000
2159,1692,1000
2159,1692,1000
2159,1692,1000
2159,1692,1000
2159,1692,1000
2159,1692,1000
2159,1692,1000
2160,1692,1000
2160,1692,1000
2160,1692,1000
2160,1692,1000
2160,1692,1000
2160,1692,1000
2160,1692,1000
2160,1692,1000
2160,1692,1000
2160,1692,1000
2161,1692,1000
2161,1692,1000
2161,1692,1000
2161,1692,1000
2161,1692,1000
2161,1692,1000
2161,1692,1000
2161,1692,1000
2161,1692,1000
2161,1692,1000
2162,1693,1000
2162,1693,1000
2162,1693,1000
2162,1693,1000
2162,1693,1000
2162,1693,1000
2162,1693,1000
2162,1693,1000
2162,1693,1000
2162,1693,1000
2163,1693,1000
2163,1693,1000
2163,1693,1000
2163,1693,1000
2163,1693,1000
2163,1693,1000
2163,1693,1000
2163,1693,1000
2163,1693,1000
2163,1693,1000
2164,1693,1000
2164,1693,1000
2164,1693,1000
2164,1693,1000
2164,1693,1000
2164,1693,1000
2164,1693,1000
2164,1693,1000
2164,1693,1000
2164,1693,1000
2165,1693,1000
2165,1693,1000
2165,1694,1000
2165,1694,1000
2165,1694,1000
2165,1694,1000
2165,1694,1000
2165,1694,1000
2165,1694,1000
2165,1694,1000
2166,1694,1000
2166,1694,1000
2166,1694,1000
2166,1694,1000
2166,1694,1000
2166,1694,1000
2166,1694,1000
2166,1694,1000
2166,1694,1000
2166,1694,1000
2167,1694,1000
2167,1694,1000
2167,1694,1000
2167,1694,1000
2167,1694,1000
2167,1694,1000
2167,1694,1000
2167,1694,1000
2167,1695,1000
2168,1695,1000
2168,1695,1000
2168,1695,1000
2168,1695,1000
2168,1695,1000
2168,1695,1000
2168,1695,1000
2168,1695,1000
2168,1695,1000
2168,1695,1000
2169,1695,1000
2169,1695,1000
2169,1695,1000
2169,1695,1000
2169,1695,1000
2169,1695,1000
2169,1695,1000
2169,1695,1000
2169,1695,1000
2170,1695,1000
2170,1695,1000
2170,1695,1000
2170,1695,1000
2170,1696,1000
2170,1696,1000
2170,1696,1000
2170,1696,1000
2170,1696,1000
2170,1696,1000
2171,1696,1000
2171,1696,1000
2171,1696,1000
2171,1696,1000
2171,1696,1000
2171,1696,1000
2171,1696,1000
2171,1696,1000
2171,1696,1000
2172,1696,1000
2172,1696,1000
2172,1696,1000
2172,1696,1000
2172,1696,1000
2172,1696,1000
2172,1696,1000
2172,1697,1000
2172,1697,1000
2173,1697,1000
2173,1697,1000
2173,1697,1000
2173,1697,1000
2173,1697,1000
2173,1697,1000
2173,1697,1000
2173,1697,1000
2173,1697,1000
2173,1697,1000
2174,1697,1000
2174,1697,1000
2174,1697,1000
2174,1697,1000
2174,1697,1000
2174,1697,1000
2174,1697,1000
2174,1697,1000
2174,1697,1000
2175,1698,1000
2175,1698,1000
2175,1698,1000
2175,1698,1000
2175,1698,1000
2175,1698,1000
2175,1698,1000
2175,1698,1000
2175,1698,1000
2176,1698,1000
2176,1698,1000
2176,1698,1000
2176,1698,1000
2176,1698,1000
2176,1698,1000
2176,1698,1000
2176,1698,1000
2176,1698,1000
2177,1699,1000
2177,1699,1000
2177,1699,1000
2177,1699,1000
2177,1699,1000
2177,1699,1000
2177,1699,1000
2177,1699,1000
2177,1699,1000
2178,1699,1000
2178,1699,1000
2178,1699,1000
2178,1699,1000
2178,1699,1000
2178,1699,1000
2178,1699,1000
2178,1699,1000
2178,1699,1000
2179,1700,1000
2179,1700,1000
2179,1700,1000
2179,1700,1000
2179,1700,1000
2179,1700,1000
2179,1700,1000
2179,1700,1000
2179,1700,1000
2180,1700,1000
2180,1700,1000
2180,1700,1000
2180,1700,1000
2180,1700,1000
2180,1700,1000
2180,1700,1000
2180,1700,1000
2180,1700,1000
2181,1701,1000
2181,1701,1000
2181,1701,1000
2181,1701,1000
2181,1701,1000
2181,1701,1000
2181,1701,1000
2181,1701,1000
2181,1701,1000
2182,1701,1000
2182,1701,1000
2182,1701,1000
2182,1701,1000
2182,1701,1000
2182,1701,1000
2182,1701,1000
2182,1702,1000
2182,1702,1000
2183,1702,1000
2183,1702,1000
2183,1702,1000
2183,1702,1000
2183,1702,1000
2183,1702,1000
2183,1702,1000
2183,1702,1000
2183,1702,1000
2184,1702,1000
2184,1702,1000
2184,1702,1000
2184,1702,1000
2184,1703,1000
2184,1703,1000
2184,1703,1000
2184,1703,1000
2184,1703,1000
2185,1703,1000
2185,1703,1000
2185,1703,1000
2185,1703,1000
2185,1703,1000
2185,1703,1000
2185,1703,1000
2185,1703,1000
2185,1703,1000
2186,1703,1000
2186,1703,1000
2186,1704,1000
2186,1704,1000
2186,1704,1000
2186,1704,1000
2186,1704,1000
2186,1704,1000
2186,1704,1000
2187,1704,1000
2187,1704,1000
2187,1704,1000
2187,1704,1000
2187,1704,1000
2187,1704,1000
2187,1704,1000
2187,1705,1000
2188,1705,1000
2188,1705,1000
2188,1705,1000
2188,1705,1000
2188,1705,1000
2188,1705,1000
2188,1705,1000
2188,1705,1000
2188,1705,1000
2189,1705,1000
2189,1705,1000
2189,1705,1000
2189,1705,1000
2189,1705,1000
2189,1706,1000
2189,1706,1000
2189,1706,1000
2189,1706,1000
2190,1706,1000
2190,1706,1000
2190,1706,1000
2190,1706,1000
2190,1706,1000
2190,1706,1000
2190,1706,1000
2190,1706,1000
2190,1706,1000
2191,1706,1000
2191,1707,1000
2191,1707,1000
2191,1707,1000
2191,1707,1000
2191,1707,1000
2191,1707,1000
2191,1707,1000
2191,1707,1000
2192,1707,1000
2192,1707,1000
2192,1707,1000
2192,1707,1000
2192,1707,1000
2192,1708,1000
2192,1708,1000
2192,1708,1000
2192,1708,1000
2193,1708,1000
2193,1708,1000
2193,1708,1000
2193,1708,1000
2193,1708,1000
2193,1708,1000
2193,1708,1000
2193,1708,1000
2193,1708,1000
2194,1708,1000
2194,1709,1000
2194,1709,1000
2194,1709,1000
2194,1709,1000
2194,1709,1000
2194,1709,1000
2194,1709,1000
2194,1709,1000
2195,1709,1000
2195,1709,1000
2195,1709,1000
2195,1709,1000
2195,1709,1000
2195,1710,1000
2195,1710,1000
2195,1710,1000
2195,1710,1000
2196,1710,1000
2196,1710,1000
2196,1710,1000
2196,1710,1000
2196,1710,1000
2196,1710,1000
2196,1710,1000
2196,1710,1000
2197,1710,1000
2197,1711,1000
2197,1711,1000
2197,1711,1000
2197,1711,1000
2197,1711,1000
2197,1711,1000
2197,1711,1000
2197,1711,1000
2197,1711,1000
2198,1711,1000
2198,1711,1000
2198,1711,1000
2198,1712,1000
2198,1712,1000
2198,1712,1000
2198,1712,1000
2198,1712,1000
2198,1712,1000
2199,1712,1000
2199,1712,1000
2199,1712,1000
2199,1712,1000
2199,1712,1000
2199,1712,1000
2199,1712,1000
2199,1713,1000
2199,1713,1000
2200,1713,1000
2200,1713,1000
2200,1713,1000
2200,1713,1000
2200,1713,1000
2200,1713,1000
2200,1713,1000
2200,1713,1000
2200,1713,1000
2201,1713,1000
2201,1714,1000
2201,1714,1000
2201,1714,1000
2201,1714,1000
2201,1714,1000
2201,1714,1000
2201,1714,1000
2201,1714,1000
2202,1714,1000
2202,1714,1000
2202,1714,1000
2202,1714,1000
2202,1715,1000
2202,1715,1000
2202,1715,1000
2202,1715,1000
2202,1715,1000
2203,1715,1000
2203,1715,1000
2203,1715,1000
2203,1715,1000
2203,1715,1000
2203,1715,1000
2203,1715,1000
2203,1716,1000
2203,1716,1000
2204,1716,1000
2204,1716,1000
2204,1716,1000
2204,1716,1000
2204,1716,1000
2204,1716,1000
2204,1716,1000
2204,1716,1000
2204,1716,1000
2204,1716,1000
2205,1717,1000
2205,1717,1000
2205,1717,1000
2205,1717,1000
2205,1717,1000
2205,1717,1000
2205,1717,1000
2205,1717,1000
2205,1717,1000
2206,1717,1000
2206,1717,1000
2206,1718,1000
2206,1718,1000
2206,1718,1000
2206,1718,1000
2206,1718,1000
2206,1718,1000
2206,1718,1000
2206,1718,1000
2207,1718,1000
2207,1718,1000
2207,1718,1000
2207,1718,1000
2207,1719,1000
2207,1719,1000
2207,1719,1000
2207,1719,1000
2207,1719,1000
2208,1719,1000
2208,1719,1000
2208,1719,1000
2208,1719,1000
2208,1719,1000
2208,1719,1000
2208,1720,1000
2208,1720,1000
2208,1720,1000
2208,1720,1000
2209,1720,1000
2209,1720,1000
2209,1720,1000
2209,1720,1000
2209,1720,1000
2209,1720,1000
2209,1720,1000
2209,1720,1000
2209,1721,1000
2209,1721,1000
2210,1721,1000
2210,1721,1000
2210,1721,1000
2210,1721,1000
2210,1721,1000
2210,1721,1000
2210,1721,1000
2210,1721,1000
2210,1721,1000
2211,1722,1000
2211,1722,1000
2211,1722,1000
2211,1722,1000
2211,1722,1000
2211,1722,1000
2211,1722,1000
2211,1722,1000
2211,1722,1000
2211,1722,1000
2212,1722,1000
2212,1723,1000
2212,1723,1000
2212,1723,1000
2212,1723,1000
2212,1723,1000
2212,1723,1000
2212,1723,1000
2212,1723,1000
2212,1723,1000
2213,1723,1000
2213,1723,1000
2213,1724,1000
2213,1724,1000
2213,1724,1000
2213,1724,1000
2213,1724,1000
2213,1724,1000
2213,1724,1000
2213,1724,1000
2214,1724,1000
2214,1724,1000
2214,1724,1000
2214,1725,1000
2214,1725,1000
2214,1725,1000
2214,1725,1000
2214,1725,1000
2214,1725,1000
2214,1725,1000
2214,1725,1000
2215,1725,1000
2215,1725,1000
2215,1725,1000
2215,1726,1000
2215,1726,1000
2215,1726,1000
2215,1726,1000
2215,1726,1000
2215,1726,1000
2215,1726,1000
2216,1726,1000
2216,1726,1000
2216,1726,1000
2216,1726,1000
2216,1727,1000
2216,1727,1000
2216,1727,1000
2216,1727,1000
2216,1727,1000
2216,1727,1000
2216,1727,1000
2217,1727,1000
2217,1727,1000
2217,1727,1000
2217,1727,1000
2217,1728,1000
2217,1728,1000
2217,1728,1000
2217,1728,1000
2217,1728,1000
2217,1728,1000
2218,1728,1000
2218,1728,1000
2218,1728,1000
2218,1728,1000
2218,1728,1000
2218,1729,1000
2218,1729,1000
2218,1729,1000
2218,1729,1000
2218,1729,1000
2218,1729,1000
2218,1729,1000
2219,1729,1000
2219,1729,1000
2219,1729,1000
2219,1729,1000
2219,1730,1000
2219,1730,1000
2219,1730,1000
2219,1730,1000
2219,1730,1000
2219,1730,1000
2219,1730,1000
2220,1730,1000
2220,1730,1000
2220,1730,1000
2220,1730,1000
2220,1731,1000
2220,1731,1000
2220,1731,1000
2220,1731,1000
2220,1731,1000
2220,1731,1000
2220,1731,1000
2221,1731,1000
2221,1731,1000
2221,1731,1000
2221,1731,1000
2221,1732,1000
2221,1732,1000
2221,1732,1000
2221,1732,1000
2221,1732,1000
2221,1732,1000
2221,1732,1000
2222,1732,1000
2222,1732,1000
2222,1732,1000
2222,1733,1000
2222,1733,1000
2222,1733,1000
2222,1733,1000
2222,1733,1000
2222,1733,1000
2222,1733,1000
2222,1733,1000
2222,1733,1000
2223,1733,1000
2223,1733,1000
2223,1734,1000
2223,1734,1000
2223,1734,1000
2223,1734,1000
2223,1734,1000
2223,1734,1000
2223,1734,1000
2223,1734,1000
2223,1734,1000
2223,1734,1000
2223,1734,1000
2224,1735,1000
2224,1735,1000
2224,1735,1000
2224,1735,1000
2224,1735,1000
2224,1735,1000
2224,1735,1000
2224,1735,1000
2224,1735,1000
2224,1735,1000
2224,1735,1000
2224,1736,1000
2225,1736,1000
2225,1736,1000
2225,1736,1000
2225,1736,1000
2225,1736,1000
2225,1736,1000
2225,1736,1000
2225,1736,1000
2225,1736,1000
2225,1737,1000
2225,1737,1000
2225,1737,1000
2225,1737,1000
2226,1737,1000
2226,1737,1000
2226,1737,1000
2226,1737,1000
2226,1737,1000
2226,1737,1000
2226,1737,1000
2226,1738,1000
2226,1738,1000
2226,1738,1000
2226,1738,1000
2226,1738,1000
2226,1738,1000
2227,1738,1000
2227,1738,1000
2227,1738,1000
2227,1738,1000
2227,1738,1000
2227,1739,1000
2227,1739,1000
2227,1739,1000
2227,1739,1000
2227,1739,1000
2227,1739,1000
2227,1739,1000
2227,1739,1000
2227,1739,1000
2228,1739,1000
2228,1739,1000
2228,1740,1000
2228,1740,1000
2228,1740,1000
2228,1740,1000
2228,1740,1000
2228,1740,1000
2228,1740,1000
2228,1740,1000
2228,1740,1000
2228,1740,1000
2228,1740,1000
2228,1741,1000
2229,1741,1000
2229,1741,1000
2229,1741,1000
2229,1741,1000
2229,1741,1000
2229,1741,1000
2229,1741,1000
2229,1741,1000
2229,1741,1000
2229,1741,1000
2229,1742,1000
2229,1742,1000
2229,1742,1000
2229,1742,1000
2229,1742,1000
2230,1742,1000
2230,1742,1000
2230,1742,1000
2230,1742,1000
2230,1742,1000
2230,1743,1000
2230,1743,1000
2230,1743,1000
2230,1743,1000
2230,1743,1000
2230,1743,1000
2230,1743,1000
2230,1743,1000
2230,1743,1000
2230,1743,1000
2230,1743,1000
2231,1744,1000
2231,1744,1000
2231,1744,1000
2231,1744,1000
2231,1744,1000
2231,1744,1000
2231,1744,1000
2231,1744,1000
2231,1744,1000
2231,1744,1000
2231,1744,1000
2231,1745,1000
2231,1745,1000
2231,1745,1000
2231,1745,1000
2231,1745,1000
2231,1745,1000
2232,1745,1000
2232,1745,1000
2232,1745,1000
2232,1745,1000
2232,1745,1000
2232,1746,1000
2232,1746,1000
2232,1746,1000
2232,1746,1000
2232,1746,1000
2232,1746,1000
2232,1746,1000
2232,1746,1000
2232,1746,1000
2232,1746,1000
2232,1746,1000
2232,1746,1000
2233,1747,1000
2233,1747,1000
2233,1747,1000
2233,1747,1000
2233,1747,1000
2233,1747,1000
2233,1747,1000
2233,1747,1000
2233,1747,1000
2233,1747,1000
2233,1747,1000
2233,1748,1000
2233,1748,1000
2233,1748,1000
2233,1748,1000
2233,1748,1000
2233,1748,1000
2233,1748,1000
2233,1748,1000
2234,1748,1000
2234,1748,1000
2234,1748,1000
2234,1749,1000
2234,1749,1000
2234,1749,1000
2234,1749,1000
2234,1749,1000
2234,1749,1000
2234,1749,1000
2234,1749,1000
2234,1749,1000
2234,1749,1000
2234,1749,1000
2234,1750,1000
2234,1750,1000
2234,1750,1000
2234,1750,1000
2234,1750,1000
2234,1750,1000
2235,1750,1000
2235,1750,1000
2235,1750,1000
2235,1750,1000
2235,1750,1000
2235,1750,1000
2235,1751,1000
2235,1751,1000
2235,1751,1000
2235,1751,1000
2235,1751,1000
2235,1751,1000
2235,1751,1000
2235,1751,1000
2235,1751,1000
2235,1751,1000
2235,1751,1000
2235,1752,1000
2235,1752,1000
2235,1752,1000
2235,1752,1000
2235,1752,1000
2235,1752,1000
2235,1752,1000
2236,1752,1000
2236,1752,1000
2236,1752,1000
2236,1752,1000
2236,1752,1000
2236,1753,1000
2236,1753,1000
2236,1753,1000
2236,1753,1000
2236,1753,1000
2236,1753,1000
2236,1753,1000
2236,1753,1000
2236,1753,1000
2236,1753,1000
2236,1753,1000
2236,1753,1000
2236,1754,1000
2236,1754,1000
2236,1754,1000
2236,1754,1000
2236,1754,1000
2236,1754,1000
2236,1754,1000
2236,1754,1000
2236,1754,1000
2237,1754,1000
2237,1754,1000
2237,1754,1000
2237,1755,1000
2237,1755,1000
2237,1755,1000
2237,1755,1000
2237,1755,1000
2237,1755,1000
2237,1755,1000
2237,1755,1000
2237,1755,1000
2237,1755,1000
2237,1755,1000
2237,1755,1000
2237,1756,1000
2237,1756,1000
2237,1756,1000
2237,1756,1000
2237,1756,1000
2237,1756,1000
2237,1756,1000
2237,1756,1000
2237,1756,1000
2237,1756,1000
2237,1756,1000
2237,1756,1000
2237,1757,1000
2237,1757,1000
2237,1757,1000
2237,1757,1000
2237,1757,1000
2237,1757,1000
2238,1757,1000
2238,1757,1000
2238,1757,1000
2238,1757,1000
2238,1757,1000
2238,1757,1000
2238,1758,1000
2238,1758,1000
2238,1758,1000
2238,1758,1000
2238,1758,1000
2238,1758,1000
2238,1758,1000
2238,1758,1000
2238,1758,1000
2238,1758,1000
2238,1758,1000
2238,1758,1000
2238,1758,1000
2238,1759,1000
2238,1759,1000
2238,1759,1000
2238,1759,1000
2238,1759,1000
2238,1759,1000
2238,1759,1000
2238,1759,1000
2238,1759,1000
2238,1759,1000
2238,1759,1000
2238,1759,1000
2238,1760,1000
2238,1760,1000
2238,1760,1000
2238,1760,1000
2238,1760,1000
2238,1760,1000
2238,1760,1000
2238,1760,1000
2238,1760,1000
2238,1760,1000
2238,1760,1000
2238,1760,1000
2238,1760,1000
2238,1761,1000
2238,1761,1000
2239,1761,1000
2239,1761,1000
2239,1761,1000
2239,1761,1000
2239,1761,1000
2239,1761,1000
2239,1761,1000
2239,1761,1000
2239,1761,1000
2239,1761,1000
2239,1761,1000
2239,1762,1000
2239,1762,1000
2239,1762,1000
2239,1762,1000
2239,1762,1000
2239,1762,1000
2239,1762,1000
2239,1762,1000
2239,1762,1000
2239,1762,1000
2239,1762,1000
2239,1762,1000
2239,1762,1000
2239,1762,1000
2239,1763,1000
2239,1763,1000
2239,1763,1000
2239,1763,1000
2239,1763,1000
2239,1763,1000
2239,1763,1000
2239,1763,1000
2239,1763,1000
2239,1763,1000
2239,1763,1000
2239,1763,1000
2239,1763,1000
2239,1764,1000
2239,1764,1000
2239,1764,1000
2239,1764,1000
2239,1764,1000
2239,1764,1000
2239,1764,1000
2239,1764,1000
2239,1764,1000
2239,1764,1000
2239,1764,1000
2239,1764,1000
2239,1764,1000
2239,1764,1000
2239,1765,1000
2239,1765,1000
2239,1765,1000
2239,1765,1000
2239,1765,1000
2239,1765,1000
2239,1765,1000
2239,1765,1000
2239,1765,1000
2239,1765,1000
2239,1765,1000
2239,1765,1000
2239,1765,1000
2239,1765,1000
2239,1766,1000
2239,1766,1000
2239,1766,1000
2239,1766,1000
2239,1766,1000
2239,1766,1000
2239,1766,1000
2239,1766,1000
2239,1766,1000
2239,1766,1000
2239,1766,1000
2239,1766,1000
2239,1766,1000
2239,1766,1000
2239,1766,1000
2239,1767,1000
2239,1767,1000
2239,1767,1000
2239,1767,1000
2239,1767,1000
2239,1767,1000
2239,1767,1000
2239,1767,1000
2239,1767,1000
2239,1767,1000
2239,1767,1000
2239,1767,1000
2239,1767,1000
2239,1767,1000
2239,1767,1000
2239,1768,1000
2239,1768,1000
2239,1768,1000
2239,1768,1000
2239,1768,1000
2239,1768,1000
2239,1768,1000
2239,1768,1000
2239,1768,1000
2239,1768,1000
2239,1768,1000
2239,1768,1000
2239,1768,1000
2239,1768,1000
2239,1768,1000
2239,1769,1000
2239,1769,1000
2239,1769,1000
2239,1769,1000
2239,1769,1000
2239,1769,1000
2239,1769,1000
2239,1769,1000
2239,1769,1000
2239,1769,1000
2239,1769,1000
2239,1769,1000
2239,1769,1000
2239,1769,1000
2239,1769,1000
2239,1769,1000
2239,1770,1000
2239,1770,1000
2239,1770,1000
2239,1770,1000
2239,1770,1000
2239,1770,1000
2239,1770,1000
2239,1770,1000
2239,1770,1000
2238,1770,1000
2238,1770,1000
2238,1770,1000
2238,1770,1000
2238,1770,1000
2238,1770,1000
2238,1770,1000
2238,1770,1000
2238,1771,1000
2238,1771,1000
2238,1771,1000
2238,1771,1000
2238,1771,1000
2238,1771,1000
2238,1771,1000
2238,1771,1000
2238,1771,1000
2238,1771,1000
2238,1771,1000
2238,1771,1000
2238,1771,1000
2238,1771,1000
2238,1771,1000
2238,1771,1000
2238,1771,1000
2238,1772,1000
2238,1772,1000
2238,1772,1000
2238,1772,1000
2238,1772,1000
2238,1772,1000
2238,1772,1000
2238,1772,1000
2238,1772,1000
2238,1772,1000
2238,1772,1000
2238,1772,1000
2238,1772,1000
2238,1772,1000
2238,1772,1000
2238,1772,1000
2238,1772,1000
2238,1773,1000
2238,1773,1000
2238,1773,1000
2238,1773,1000
2238,1773,1000
2237,1773,1000
2237,1773,1000
2237,1773,1000
2237,1773,1000
2237,1773,1000
2237,1773,1000
2237,1773,1000
2237,1773,1000
2237,1773,1000
2237,1773,1000
2237,1773,1000
2237,1773,1000
2237,1773,1000
2237,1773,1000
2237,1774,1000
2237,1774,1000
2237,1774,1000
2237,1774,1000
2237,1774,1000
2237,1774,1000
2237,1774,1000
2237,1774,1000
2237,1774,1000
2237,1774,1000
2237,1774,1000
2237,1774,1000
2237,1774,1000
2237,1774,1000
2237,1774,1000
2237,1774,1000
2237,1774,1000
2237,1774,1000
2236,1774,1000
2236,1775,1000
2236,1775,1000
2236,1775,1000
2236,1775,1000
2236,1775,1000
2236,1775,1000
2236,1775,1000
2236,1775,1000
2236,1775,1000
2236,1775,1000
2236,1775,1000
2236,1775,1000
2236,1775,1000
2236,1775,1000
2236,1775,1000
2236,1775,1000
2236,1775,1000
2236,1775,1000
2236,1775,1000
2236,1775,1000
2236,1775,1000
2236,1776,1000
2236,1776,1000
2236,1776,1000
2236,1776,1000
2236,1776,1000
2235,1776,1000
2235,1776,1000
2235,1776,1000
2235,1776,1000
2235,1776,1000
2235,1776,1000
2235,1776,1000
2235,1776,1000
2235,1776,1000
2235,1776,1000
2235,1776,1000
2235,1776,1000
2235,1776,1000
2235,1776,1000
2235,1776,1000
2235,1776,1000
2235,1776,1000
2235,1777,1000
2235,1777,1000
2235,1777,1000
2235,1777,1000
2235,1777,1000
2235,1777,1000
2235,1777,1000
2234,1777,1000
2234,1777,1000
2234,1777,1000
2234,1777,1000
2234,1777,1000
2234,1777,1000
2234,1777,1000
2234,1777,1000
2234,1777,1000
2234,1777,1000
2234,1777,1000
2234,1777,1000
2234,1777,1000
2234,1777,1000
2234,1777,1000
2234,1777,1000
2234,1778,1000
2234,1778,1000
2234,1778,1000
2234,1778,1000
2234,1778,1000
2234,1778,1000
2233,1778,1000
2233,1778,1000
2233,1778,1000
2233,1778,1000
2233,1778,1000
2233,1778,1000
2233,1778,1000
2233,1778,1000
2233,1778,1000
2233,1778,1000
2233,1778,1000
2233,1778,1000
2233,1778,1000
2233,1778,1000
2233,1778,1000
2233,1778,1000
2233,1778,1000
2233,1778,1000
2233,1778,1000
2232,1778,1000
2232,1778,1000
2232,1778,1000
2232,1779,1000
2232,1779,1000
2232,1779,1000
2232,1779,1000
2232,1779,1000
2232,1779,1000
2232,1779,1000
2232,1779,1000
2232,1779,1000
2232,1779,1000
2232,1779,1000
2232,1779,1000
2232,1779,1000
2232,1779,1000
2232,1779,1000
2232,1779,1000
2231,1779,1000
2231,1779,1000
2231,1779,1000
2231,1779,1000
2231,1779,1000
2231,1779,1000
2231,1779,1000
2231,1779,1000
2231,1779,1000
2231,1779,1000
2231,1779,1000
2231,1779,1000
2231,1779,1000
2231,1780,1000
2231,1780,1000
2231,1780,1000
2231,1780,1000
2230,1780,1000
2230,1780,1000
2230,1780,1000
2230,1780,1000
2230,1780,1000
2230,1780,1000
2230,1780,1000
2230,1780,1000
2230,1780,1000
2230,1780,1000
2230,1780,1000
2230,1780,1000
2230,1780,1000
2230,1780,1000
2230,1780,1000
2230,1780,1000
2229,1780,1000
2229,1780,1000
2229,1780,1000
2229,1780,1000
2229,1780,1000
2229,1780,1000
2229,1780,1000
2229,1780,1000
2229,1780,1000
2229,1780,1000
2229,1780,1000
2229,1780,1000
2229,1780,1000
2229,1780,1000
2229,1780,1000
2229,1781,1000
2229,1781,1000
2228,1781,1000
2228,1781,1000
2228,1781,1000
2228,1781,1000
2228,1781,1000
2228,1781,1000
2228,1781,1000
2228,1781,1000
2228,1781,1000
2228,1781,1000
2228,1781,1000
2228,1781,1000
2228,1781,1000
2228,1781,1000
2227,1781,1000
2227,1781,1000
2227,1781,1000
2227,1781,1000
2227,1781,1000
2227,1781,1000
2227,1781,1000
2227,1781,1000
2227,1781,1000
2227,1781,1000
2227,1781,1000
2227,1781,1000
2227,1781,1000
2227,1781,1000
2227,1781,1000
2226,1781,1000
2226,1781,1000
2226,1781,1000
2226,1781,1000
2226,1781,1000
2226,1781,1000
2226,1781,1000
2226,1781,1000
2226,1781,1000
2226,1781,1000
2226,1781,1000
2226,1781,1000
2226,1781,1000
2226,1781,1000
2225,1781,1000
2225,1781,1000
2225,1782,1000
2225,1782,1000
2225,1782,1000
2225,1782,1000
2225,1782,1000
2225,1782,1000
2225,1782,1000
2225,1782,1000
2225,1782,1000
2225,1782,1000
2225,1782,1000
2225,1782,1000
2224,1782,1000
2224,1782,1000
2224,1782,1000
2224,1782,1000
2224,1782,1000
2224,1782,1000
2224,1782,1000
2224,1782,1000
2224,1782,1000
2224,1782,1000
2224,1782,1000
2224,1782,1000
2224,1782,1000
2223,1782,1000
2223,1782,1000
2223,1782,1000
2223,1782,1000
2223,1782,1000
2223,1782,1000
2223,1782,1000
2223,1782,1000
2223,1782,1000
2223,1782,1000
2223,1782,1000
2223,1782,1000
2223,1782,1000
2222,1782,1000
2222,1782,1000
2222,1782,1000
2222,1782,1000
2222,1782,1000
2222,1782,1000
2222,1782,1000
2222,1782,1000
2222,1782,1000
2222,1782,1000
2222,1782,1000
2222,1782,1000
2222,1782,1000
2221,1782,1000
2221,1782,1000
2221,1782,1000
2221,1782,1000
2221,1782,1000
2221,1782,1000
2221,1782,1000
2221,1782,1000
2221,1782,1000
2221,1782,1000
2221,1782,1000
2221,1782,1000
2220,1782,1000
2220,1782,1000
2220,1782,1000
2220,1782,1000
2220,1782,1000
2220,1782,1000
2220,1782,1000
2220,1782,1000
2220,1782,1000
2220,1782,1000
2220,1782,1000
2220,1782,1000
2219,1782,1000
2219,1782,1000
2219,1782,1000
2219,1782,1000
2219,1782,1000
2219,1782,1000
2219,1782,1000
2219,1782,1000
2219,1782,1000
2219,1782,1000
2219,1782,1000
2219,1782,1000
2218,1782,1000
2218,1782,1000
2218,1782,1000
2218,1782,1000
2218,1782,1000
2218,1782,1000
2218,1782,1000
2218,1782,1000
2218,1782,1000
2218,1782,1000
2218,1782,1000
2218,1782,1000
2217,1782,1000
2217,1782,1000
2217,1782,1000
2217,1782,1000
2217,1782,1000
2217,1782,1000
2217,1782,1000
2217,1782,1000
2217,1782,1000
2212,1779,1000
2208,1776,1000
2203,1772,1000
2198,1769,1000
2194,1766,1000
2189,1763,1000
2184,1759,1000
2180,1756,1000
2175,1753,1000
2170,1750,1000
2166,1746,1000
2161,1743,1000
2157,1740,1000
2152,1737,1000
2147,1734,1000
2143,1731,1000
2138,1727,1000
2133,1724,1000
2129,1721,1000
2124,1718,1000
2119,1715,1000
2115,1712,1000
2110,1709,1000
2106,1706,1000
2101,1703,1000
2096,1700,1000
2092,1697,1000
2087,1694,1000
2082,1691,1000
2078,1688,1000
2073,1685,1000
2069,1682,1000
2064,1679,1000
2059,1676,1000
2055,1674,1000
2050,1671,1000
2046,1668,1000
2041,1665,1000
2037,1662,1000
2032,1660,1000
2027,1657,1000
2023,1654,1000
2018,1651,1000
2014,1649,1000
2009,1646,1000
2005,1643,1000
2000,1641,1000
1996,1638,1000
1991,1635,1000
1987,1633,2000
1990,1632,2000
1993,1631,2000
1995,1631,2000
1998,1630,2000
2001,1629,2000
2004,1629,2000
2007,1628,2000
2010,1627,2000
2013,1627,2000
2016,1626,2000
2019,1626,2000
2022,1625,2000
2025,1625,2000
2028,1624,2000
2031,1624,2000
2034,1623,2000
2037,1623,2000
2040,1623,2000
2043,1622,2000
2046,1622,2000
2048,1622,2000
2051,1621,2000
2054,1621,2000
2057,1621,2000
2060,1621,2000
2063,1621,2000
2066,1620,2000
2069,1620,2000
2072,1620,2000
2075,1620,2000
2078,1620,2000
2081,1620,2000
2084,1620,2000
2087,1620,2000
2090,1620,2000
2093,1620,2000
2096,1620,2000
2099,1620,2000
2102,1621,2000
2105,1621,2000
2108,1621,2000
2111,1621,2000
2114,1621,2000
2118,1622,2000
2121,1622,2000
2124,1622,2000
2127,1623,2000
2130,1623,2000
2133,1624,2000
2136,1624,1000
2135,1624,1000
2134,1624,1000
2133,1624,1000
2132,1623,1000
2131,1623,1000
2131,1623,1000
2130,1623,1000
2129,1623,1000
2128,1623,1000
2127,1623,1000
2126,1623,1000
2125,1623,1000
2124,1622,1000
2123,1622,1000
2122,1622,1000
2121,1622,1000
2120,1622,1000
2119,1622,1000
2118,1622,1000
2118,1622,1000
2117,1622,1000
2116,1622,1000
2115,1621,1000
2114,1621,1000
2113,1621,1000
2112,1621,1000
2111,1621,1000
2110,1621,1000
2109,1621,1000
2108,1621,1000
2107,1621,1000
2107,1621,1000
2106,1621,1000
2105,1621,1000
2104,1621,1000
2103,1621,1000
2102,1621,1000
2101,1620,1000
2100,1620,1000
2099,1620,1000
2098,1620,1000
2097,1620,1000
2097,1620,1000
2096,1620,1000
2095,1620,1000
2094,1620,1000
2093,1620,1000
2092,1620,1000
2091,1620,1000
2090,1620,2000
2086,1618,2000
2082,1615,2000
2078,1613,2000
2073,1611,2000
2069,1608,2000
2065,1606,2000
2061,1604,2000
2057,1601,2000
2053,1599,2000
2048,1597,2000
2044,1595,2000
2040,1592,2000
2036,1590,2000
2032,1588,2000
2028,1586,2000
2024,1584,2000
2020,1581,2000
2016,1579,2000
2012,1577,2000
2008,1575,2000
2004,1573,2000
2000,1571,2000
1996,1569,2000
1992,1567,2000
1988,1565,2000
1984,1563,2000
1980,1561,2000
1976,1559,2000
1972,1557,2000
1968,1555,2000
1965,1553,2000
1961,1551,2000
1957,1550,2000
1953,1548,2000
1949,1546,2000
1945,1544,2000
1941,1542,2000
1938,1541,2000
1934,1539,2000
1930,1537,2000
1926,1535,2000
1922,1534,2000
1919,1532,2000
1915,1530,2000
1911,1529,2000
1907,1527,2000
1904,1525,2000
1900,1524,2000
1896,1522,2000
1892,1521,1000
1896,1522,1000
1900,1524,1000
1904,1525,1000
1907,1527,1000
1911,1529,1000
1915,1530,1000
1919,1532,1000
1922,1534,1000
1926,1535,1000
1930,1537,1000
1934,1539,1000
1938,1541,1000
1941,1542,1000
1945,1544,1000
1949,1546,1000
1953,1548,1000
1957,1550,1000
1961,1551,1000
1965,1553,1000
1968,1555,1000
1972,1557,1000
1976,1559,1000
1980,1561,1000
1984,1563,1000
1988,1565,1000
1992,1567,1000
1996,1569,1000
2000,1571,1000
2004,1573,1000
2008,1575,1000
2012,1577,1000
2016,1579,1000
2020,1581,1000
2024,1584,1000
2028,1586,1000
2032,1588,1000
2036,1590,1000
2040,1592,1000
2044,1595,1000
2048,1597,1000
2053,1599,1000
2057,1601,1000
2061,1604,1000
2065,1606,1000
2069,1608,1000
2073,1611,1000
2078,1613,1000
2082,1615,1000
2086,1618,1000
2090,1620,2000
2089,1618,2000
2088,1615,2000
2086,1613,2000
2085,1611,2000
2084,1608,2000
2082,1606,2000
2081,1604,2000
2080,1601,2000
2078,1599,2000
2077,1596,2000
2076,1594,2000
2074,1592,2000
2073,1589,2000
2071,1587,2000
2070,1585,2000
2068,1582,2000
2067,1580,2000
2065,1577,2000
2064,1575,2000
2062,1573,2000
2061,1570,2000
2059,1568,2000
2057,1565,2000
2056,1563,2000
2054,1561,2000
2052,1558,2000
2051,1556,2000
2049,1553,2000
2047,1551,2000
2045,1548,2000
2044,1546,2000
2042,1544,2000
2040,1541,2000
2038,1539,2000
2036,1536,2000
2035,1534,2000
2033,1531,2000
2031,1529,2000
2029,1526,2000
2027,1524,2000
2025,1521,2000
2023,1519,2000
2021,1516,2000
2019,1514,2000
2017,1511,2000
2015,1509,2000
2013,1506,2000
2011,1504,2000
2009,1501,2000
2006,1499,1000
2003,1498,1000
2000,1497,1000
1997,1496,1000
1994,1495,1000
1991,1494,1000
1988,1493,1000
1985,1492,1000
1982,1491,1000
1979,1491,1000
1976,1490,1000
1973,1489,1000
1970,1489,1000
1967,1488,1000
1964,1487,1000
1961,1487,1000
1958,1486,1000
1955,1486,1000
1952,1485,1000
1949,1485,1000
1946,1484,1000
1943,1484,1000
1940,1483,1000
1937,1483,1000
1934,1483,1000
1931,1482,1000
1928,1482,1000
1925,1482,1000
1923,1482,1000
1920,1481,1000
1917,1481,1000
1914,1481,1000
1911,1481,1000
1908,1481,1000
1905,1481,1000
1902,1481,1000
1899,1481,1000
1896,1481,1000
1893,1481,1000
1890,1481,1000
1887,1481,1000
1884,1481,1000
1882,1481,1000
1879,1482,1000
1876,1482,1000
1873,1482,1000
1870,1482,1000
1867,1483,1000
1864,1483,1000
1861,1483,1000
1858,1484,2000
1858,1482,2000
1858,1480,2000
1858,1479,2000
1857,1477,2000
1857,1476,2000
1857,1474,2000
1857,1473,2000
1857,1471,2000
1856,1470,2000
1856,1468,2000
1856,1466,2000
1856,1465,2000
1856,1463,2000
1855,1462,2000
1855,1460,2000
1855,1459,2000
1855,1457,2000
1854,1456,2000
1854,1454,2000
1854,1452,2000
1853,1451,2000
1853,1449,2000
1853,1448,2000
1852,1446,2000
1852,1445,2000
1852,1443,2000
1851,1442,2000
1851,1440,2000
1851,1438,2000
1850,1437,2000
1850,1435,2000
1850,1434,2000
1849,1432,2000
1849,1431,2000
1848,1429,2000
1848,1428,2000
1848,1426,2000
1847,1424,2000
1847,1423,2000
1846,1421,2000
1846,1420,2000
1845,1418,2000
1845,1417,2000
1844,1415,2000
1844,1413,2000
1843,1412,2000
1843,1410,2000
1842,1409,2000
1842,1407,2000
1841,1406,1000
1839,1405,1000
1838,1404,1000
1836,1403,1000
1834,1402,1000
1832,1402,1000
1830,1401,1000
1828,1400,1000
1826,1399,1000
1824,1398,1000
1822,1398,1000
1821,1397,1000
1819,1396,1000
1817,1395,1000
1815,1395,1000
1813,1394,1000
1811,1393,1000
1809,1393,1000
1808,1392,1000
1806,1391,1000
1804,1390,1000
1802,1390,1000
1800,1389,1000
1798,1388,1000
1796,1388,1000
1795,1387,1000
1793,1386,1000
1791,1386,1000
1789,1385,1000
1787,1385,1000
1785,1384,1000
1784,1383,1000
1782,1383,1000
1780,1382,1000
1778,1382,1000
1776,1381,1000
1775,1380,1000
1773,1380,1000
1771,1379,1000
1769,1379,1000
1767,1378,1000
1765,1378,1000
1764,1377,1000
1762,1376,1000
1760,1376,1000
1758,1375,1000
1756,1375,1000
1755,1374,1000
1753,1374,1000
1751,1373,1000
1749,1373,2000
1753,1374,2000
1757,1374,2000
1761,1375,2000
1765,1376,2000
1769,1377,2000
1773,1378,2000
1777,1378,2000
1781,1379,2000
1785,1380,2000
1789,1381,2000
1793,1382,2000
1797,1384,2000
1801,1385,2000
1805,1386,2000
1809,1387,2000
1813,1388,2000
1817,1390,2000
1821,1391,2000
1825,1392,2000
1829,1394,2000
1833,1395,2000
1837,1397,2000
1841,1398,2000
1846,1400,2000
1850,1401,2000
1854,1403,2000
1858,1405,2000
1862,1406,2000
1866,1408,2000
1871,1410,2000
1875,1412,2000
1879,1414,2000
1883,1416,2000
1888,1418,2000
1892,1420,2000
1896,1422,2000
1901,1424,2000
1905,1426,2000
1909,1428,2000
1914,1430,2000
1918,1433,2000
1923,1435,2000
1927,1437,2000
1932,1440,2000
1936,1442,2000
1941,1445,2000
1945,1447,2000
1950,1450,2000
1955,1452,2000
1959,1455,1000
1955,1452,1000
1952,1448,1000
1948,1445,1000
1944,1441,1000
1940,1437,1000
1936,1434,1000
1932,1430,1000
1929,1427,1000
1925,1423,1000
1921,1419,1000
1917,1416,1000
1913,1412,1000
1909,1409,1000
1905,1405,1000
1901,1401,1000
1897,1398,1000
1893,1394,1000
1890,1391,1000
1886,1387,1000
1882,1383,1000
1878,1380,1000
1874,1376,1000
1870,1372,1000
1866,1369,1000
1862,1365,1000
1858,1361,1000
1854,1358,1000
1850,1354,1000
1846,1350,1000
1843,1346,1000
1839,1343,1000
1835,1339,1000
1831,1335,1000
1827,1332,1000
1823,1328,1000
1819,1324,1000
1815,1320,1000
1811,1317,1000
1807,1313,1000
1803,1309,1000
1800,1306,1000
1796,1302,1000
1792,1298,1000
1788,1294,1000
1784,1291,1000
1780,1287,1000
1776,1283,1000
1772,1279,1000
1768,1276,1000
1765,1272,2000
1764,1273,2000
1763,1274,2000
1763,1274,2000
1762,1275,2000
1762,1276,2000
1761,1277,2000
1760,1278,2000
1760,1279,2000
1759,1280,2000
1758,1281,2000
1757,1282,2000
1756,1284,2000
1756,1285,2000
1755,1286,2000
1754,1287,2000
1753,1288,2000
1752,1289,2000
1751,1290,2000
1750,1292,2000
1749,1293,2000
1748,1294,2000
1747,1295,2000
1746,1297,2000
1745,1298,2000
1744,1299,2000
1743,1301,2000
1742,1302,2000
1741,1303,2000
1740,1305,2000
1739,1306,2000
1737,1307,2000
1736,1309,2000
1735,1310,2000
1734,1312,2000
1732,1313,2000
1731,1315,2000
1730,1316,2000
1729,1318,2000
1727,1319,2000
1726,1321,2000
1725,1322,2000
1723,1324,2000
1722,1325,2000
1720,1327,2000
1719,1328,2000
1718,1330,2000
1716,1332,2000
1715,1333,2000
1713,1335,2000
1712,1337,1000
1711,1333,1000
1710,1329,1000
1709,1325,1000
1708,1321,1000
1707,1317,1000
1706,1314,1000
1705,1310,1000
1704,1306,1000
1703,1302,1000
1702,1298,1000
1701,1294,1000
1700,1290,1000
1699,1286,1000
1697,1282,1000
1696,1278,1000
1695,1275,1000
1693,1271,1000
1692,1267,1000
1690,1263,1000
1689,1259,1000
1687,1255,1000
1686,1251,1000
1684,1247,1000
1682,1243,1000
1681,1239,1000
1679,1235,1000
1677,1230,1000
1675,1226,1000
1673,1222,1000
1671,1218,1000
1669,1214,1000
1667,1210,1000
1665,1206,1000
1663,1202,1000
1661,1197,1000
1659,1193,1000
1656,1189,1000
1654,1185,1000
1652,1180,1000
1649,1176,1000
1647,1172,1000
1644,1167,1000
1642,1163,1000
1639,1159,1000
1637,1154,1000
1634,1150,1000
1631,1145,1000
1629,1141,1000
1626,1136,1000
1623,1132,1000
1623,1134,1000
1623,1135,1000
1623,1137,1000
1623,1139,1000
1623,1141,1000
1623,1143,1000
1623,1145,1000
1623,1147,1000
1623,1148,1000
1623,1150,1000
1623,1152,1000
1622,1154,1000
1622,1156,1000
1622,1158,1000
1622,1160,1000
1621,1162,1000
1621,1164,1000
1621,1166,1000
1620,1168,1000
1620,1170,1000
1619,1172,1000
1619,1174,1000
1618,1176,1000
1618,1178,1000
1617,1180,1000
1617,1182,1000
1616,1184,1000
1616,1186,1000
1615,1188,1000
1614,1190,1000
1614,1192,1000
1613,1194,1000
1612,1196,1000
1612,1198,1000
1611,1200,1000
1610,1202,1000
1609,1204,1000
1608,1206,1000
1608,1208,1000
1607,1211,1000
1606,1213,1000
1605,1215,1000
1604,1217,1000
1603,1219,1000
1602,1221,1000
1601,1223,1000
1600,1226,1000
1599,1228,1000
1598,1230,1000
1597,1232,1000
1594,1230,1000
1591,1227,1000
1588,1224,1000
1585,1222,1000
1581,1219,1000
1578,1216,1000
1575,1214,1000
1572,1211,1000
1569,1208,1000
1566,1206,1000
1563,1203,1000
1560,1201,1000
1557,1198,1000
1554,1195,1000
1551,1193,1000
1548,1190,1000
1544,1188,1000
1541,1185,1000
1538,1183,1000
1535,1180,1000
1532,1178,1000
1529,1175,1000
1526,1173,1000
1523,1170,1000
1520,1168,1000
1517,1165,1000
1514,1163,1000
1511,1160,1000
1507,1158,1000
1504,1156,1000
1501,1153,1000
1498,1151,1000
1495,1148,1000
1492,1146,1000
1489,1144,1000
1486,1141,1000
1483,1139,1000
1480,1136,1000
1477,1134,1000
1474,1132,1000
1470,1130,1000
1467,1127,1000
1464,1125,1000
1461,1123,1000
1458,1120,1000
1455,1118,1000
1452,1116,1000
1449,1114,1000
1446,1111,1000
1443,1109,2000
1445,1111,2000
1447,1113,2000
1450,1114,2000
1452,1116,2000
1454,1118,2000
1457,1119,2000
1459,1121,2000
1461,1123,2000
1464,1124,2000
1466,1126,2000
1468,1128,2000
1470,1130,2000
1473,1131,2000
1475,1133,2000
1477,1135,2000
1480,1136,2000
1482,1138,2000
1484,1140,2000
1487,1142,2000
1489,1144,2000
1491,1145,2000
1494,1147,2000
1496,1149,2000
1498,1151,2000
1501,1153,2000
1503,1154,2000
1505,1156,2000
1507,1158,2000
1510,1160,2000
1512,1162,2000
1514,1163,2000
1517,1165,2000
1519,1167,2000
1521,1169,2000
1524,1171,2000
1526,1173,2000
1528,1175,2000
1531,1176,2000
1533,1178,2000
1535,1180,2000
1538,1182,2000
1540,1184,2000
1542,1186,2000
1544,1188,2000
1547,1190,2000
1549,1192,2000
1551,1194,2000
1554,1195,2000
1556,1197,2000
1558,1199,1000
1559,1198,1000
1559,1197,1000
1560,1196,1000
1560,1195,1000
1561,1193,1000
1561,1192,1000
1562,1191,1000
1562,1190,1000
1563,1189,1000
1563,1187,1000
1563,1186,1000
1564,1185,1000
1564,1184,1000
1565,1183,1000
1565,1182,1000
1565,1180,1000
1566,1179,1000
1566,1178,1000
1567,1177,1000
1567,1176,1000
1567,1175,1000
1568,1173,1000
1568,1172,1000
1569,1171,1000
1569,1170,1000
1569,1169,1000
1570,1168,1000
1570,1167,1000
1570,1165,1000
1571,1164,1000
1571,1163,1000
1571,1162,1000
1572,1161,1000
1572,1160,1000
1572,1159,1000
1572,1157,1000
1573,1156,1000
1573,1155,1000
1573,1154,1000
1574,1153,1000
1574,1152,1000
1574,1151,1000
1574,1149,1000
1575,1148,1000
1575,1147,1000
1575,1146,1000
1575,1145,1000
1575,1144,1000
1576,1143,1000
1576,1142,1000
1573,1139,1000
1571,1137,1000
1568,1135,1000
1566,1133,1000
1563,1130,1000
1561,1128,1000
1559,1126,1000
1556,1124,1000
1554,1122,1000
1551,1119,1000
1549,1117,1000
1546,1115,1000
1544,1113,1000
1541,1111,1000
1539,1109,1000
1536,1106,1000
1534,1104,1000
1531,1102,1000
1529,1100,1000
1527,1098,1000
1524,1096,1000
1522,1094,1000
1519,1092,1000
1517,1089,1000
1514,1087,1000
1512,1085,1000
1509,1083,1000
1507,1081,1000
1505,1079,1000
1502,1077,1000
1500,1075,1000
1497,1073,1000
1495,1071,1000
1492,1069,1000
1490,1067,1000
1488,1065,1000
1485,1063,1000
1483,1061,1000
1480,1059,1000
1478,1057,1000
1475,1055,1000
1473,1053,1000
1471,1051,1000
1468,1049,1000
1466,1047,1000
1463,1045,1000
1461,1043,1000
1459,1041,1000
1456,1039,1000
1454,1037,2000
1456,1039,2000
1459,1041,2000
1461,1043,2000
1463,1045,2000
1466,1047,2000
1468,1049,2000
1471,1051,2000
1473,1053,2000
1475,1055,2000
1478,1057,2000
1480,1059,2000
1483,1061,2000
1485,1063,2000
1488,1065,2000
1490,1067,2000
1492,1069,2000
1495,1071,2000
1497,1073,2000
1500,1075,2000
1502,1077,2000
1505,1079,2000
1507,1081,2000
1509,1083,2000
1512,1085,2000
1514,1087,2000
1517,1089,2000
1519,1092,2000
1522,1094,2000
1524,1096,2000
1527,1098,2000
1529,1100,2000
1531,1102,2000
1534,1104,2000
1536,1106,2000
1539,1109,2000
1541,1111,2000
1544,1113,2000
1546,1115,2000
1549,1117,2000
1551,1119,2000
1554,1122,2000
1556,1124,2000
1559,1126,2000
1561,1128,2000
1563,1130,2000
1566,1133,2000
1568,1135,2000
1571,1137,2000
1573,1139,2000
1576,1142,1000
1576,1140,1000
1576,1139,1000
1576,1138,1000
1577,1137,1000
1577,1136,1000
1577,1135,1000
1577,1134,1000
1577,1133,1000
1577,1132,1000
1578,1130,1000
1578,1129,1000
1578,1128,1000
1578,1127,1000
1578,1126,1000
1578,1125,1000
1578,1124,1000
1578,1123,1000
1579,1122,1000
1579,1120,1000
1579,1119,1000
1579,1118,1000
1579,1117,1000
1579,1116,1000
1579,1115,1000
1579,1114,1000
1579,1113,1000
1579,1112,1000
1579,1111,1000
1579,1110,1000
1579,1108,1000
1579,1107,1000
1579,1106,1000
1579,1105,1000
1579,1104,1000
1579,1103,1000
1579,1102,1000
1579,1101,1000
1579,1100,1000
1579,1099,1000
1579,1098,1000
1579,1096,1000
1579,1095,1000
1579,1094,1000
1579,1093,1000
1578,1092,1000
1578,1091,1000
1578,1090,1000
1578,1089,1000
1578,1088,1000
1578,1087,1000
1575,1084,1000
1573,1081,1000
1570,1079,1000
1567,1076,1000
1565,1074,1000
1562,1071,1000
1559,1068,1000
1557,1066,1000
1554,1063,1000
1551,1061,1000
1549,1058,1000
1546,1055,1000
1543,1053,1000
1541,1050,1000
1538,1048,1000
1536,1045,1000
1533,1043,1000
1530,1040,1000
1528,1037,1000
1525,1035,1000
1523,1032,1000
1520,1030,1000
1517,1027,1000
1515,1025,1000
1512,1022,1000
1510,1020,1000
1507,1017,1000
1504,1015,1000
1502,1013,1000
1499,1010,1000
1497,1008,1000
1494,1005,1000
1492,1003,1000
1489,1000,1000
1487,998,1000
1484,996,1000
1482,993,1000
1479,991,1000
1476,989,1000
1474,986,1000
1471,984,1000
1469,982,1000
1466,979,1000
1464,977,1000
1461,975,1000
1459,972,1000
1456,970,1000
1454,968,1000
1451,966,1000
1449,963,1000
1449,966,1000
1448,968,1000
1448,970,1000
1447,972,1000
1447,975,1000
1447,977,1000
1446,979,1000
1446,982,1000
1445,984,1000
1445,986,1000
1444,989,1000
1443,991,1000
1443,993,1000
1442,996,1000
1442,998,1000
1441,1000,1000
1440,1003,1000
1439,1005,1000
1439,1007,1000
1438,1010,1000
1437,1012,1000
1436,1015,1000
1435,1017,1000
1435,1019,1000
1434,1022,1000
1433,1024,1000
1432,1026,1000
1431,1029,1000
1430,1031,1000
1429,1034,1000
1428,1036,1000
1427,1038,1000
1426,1041,1000
1425,1043,1000
1424,1046,1000
1422,1048,1000
1421,1050,1000
1420,1053,1000
1419,1055,1000
1418,1058,1000
1416,1060,1000
1415,1063,1000
1414,1065,1000
1412,1068,1000
1411,1070,1000
1410,1073,1000
1408,1075,1000
1407,1078,1000
1405,1080,1000
1404,1083,2000
1402,1081,2000
1399,1080,2000
1397,1078,2000
1395,1077,2000
1392,1075,2000
1390,1074,2000
1388,1072,2000
1385,1071,2000
1383,1069,2000
1381,1068,2000
1378,1066,2000
1376,1065,2000
1374,1063,2000
1371,1062,2000
1369,1060,2000
1367,1059,2000
1364,1058,2000
1362,1056,2000
1360,1055,2000
1357,1053,2000
1355,1052,2000
1353,1051,2000
1350,1049,2000
1348,1048,2000
1346,1046,2000
1343,1045,2000
1341,1044,2000
1339,1042,2000
1336,1041,2000
1334,1040,2000
1332,1038,2000
1329,1037,2000
1327,1036,2000
1325,1035,2000
1322,1033,2000
1320,1032,2000
1318,1031,2000
1315,1029,2000
1313,1028,2000
1311,1027,2000
1308,1026,2000
1306,1025,2000
1304,1023,2000
1301,1022,2000
1299,1021,2000
1296,1020,2000
1294,1019,2000
1292,1017,2000
1289,1016,2000
1287,1015,1000
1288,1016,1000
1289,1016,1000
1290,1017,1000
1292,1017,1000
1293,1018,1000
1294,1019,1000
1295,1019,1000
1296,1020,1000
1298,1020,1000
1299,1021,1000
1300,1022,1000
1301,1022,1000
1302,1023,1000
1304,1023,1000
1305,1024,1000
1306,1025,1000
1307,1025,1000
1308,1026,1000
1309,1026,1000
1311,1027,1000
1312,1028,1000
1313,1028,1000
1314,1029,1000
1315,1029,1000
1316,1030,1000
1318,1031,1000
1319,1031,1000
1320,1032,1000
1321,1033,1000
1322,1033,1000
1324,1034,1000
1325,1035,1000
1326,1035,1000
1327,1036,1000
1328,1037,1000
1329,1037,1000
1331,1038,1000
1332,1038,1000
1333,1039,1000
1334,1040,1000
1335,1040,1000
1336,1041,1000
1338,1042,1000
1339,1042,1000
1340,1043,1000
1341,1044,1000
1342,1044,1000
1343,1045,1000
1345,1046,1000
1346,1046,2000
1346,1043,2000
1347,1040,2000
1348,1037,2000
1348,1034,2000
1349,1030,2000
1349,1027,2000
1350,1024,2000
1350,1021,2000
1351,1017,2000
1351,1014,2000
1352,1011,2000
1352,1008,2000
1352,1004,2000
1353,1001,2000
1353,998,2000
1353,995,2000
1353,991,2000
1354,988,2000
1354,985,2000
1354,982,2000
1354,978,2000
1354,975,2000
1354,972,2000
1354,968,2000
1355,965,2000
1355,962,2000
1355,958,2000
1355,955,2000
1354,952,2000
1354,948,2000
1354,945,2000
1354,942,2000
1354,938,2000
1354,935,2000
1354,932,2000
1353,928,2000
1353,925,2000
1353,921,2000
1353,918,2000
1352,914,2000
1352,911,2000
1351,907,2000
1351,904,2000
1351,901,2000
1350,897,2000
1350,894,2000
1349,890,2000
1349,886,2000
1348,883,2000
