1985,1974,1000
1983,1971,2000
1982,1968,2000
1980,1965,2000
1979,1962,2000
1977,1959,2000
1975,1955,2000
1974,1952,2000
1972,1949,2000
1971,1946,2000
1969,1943,2000
1967,1940,2000
1966,1937,2000
1964,1934,2000
1962,1931,2000
1961,1928,2000
1959,1925,2000
1957,1921,2000
1955,1918,2000
1954,1915,2000
1952,1912,2000
1950,1909,2000
1948,1906,2000
1946,1903,2000
1945,1900,2000
1943,1897,2000
1941,1894,2000
1939,1891,2000
1937,1888,2000
1935,1885,2000
1933,1882,2000
1932,1879,2000
1930,1876,2000
1928,1873,2000
1926,1870,2000
1924,1867,2000
1922,1864,2000
1920,1862,2000
1918,1859,2000
1916,1856,2000
1914,1853,2000
1912,1850,2000
1910,1847,2000
1908,1844,2000
1906,1841,2000
1903,1838,2000
1901,1835,2000
1899,1832,2000
1897,1829,2000
1895,1826,2000
1893,1824,2000
1891,1821,2000
1889,1818,2000
1886,1815,2000
1884,1812,2000
1882,1809,2000
1880,1806,2000
1878,1803,2000
1875,1800,2000
1873,1798,2000
1871,1795,2000
1869,1792,2000
1866,1789,2000
1864,1786,2000
1862,1783,2000
1860,1780,2000
1857,1778,2000
1855,1775,2000
1853,1772,2000
1850,1769,2000
1848,1766,2000
1846,1763,2000
1843,1761,2000
1841,1758,2000
1838,1755,2000
1836,1752,2000
1834,1749,2000
1831,1747,2000
1829,1744,2000
1826,1741,2000
1824,1738,2000
1821,1735,2000
1819,1733,2000
1817,1730,2000
1814,1727,2000
1812,1724,2000
1809,1721,2000
1807,1719,2000
1804,1716,2000
1801,1713,2000
1799,1710,2000
1796,1708,2000
1794,1705,2000
1791,1702,2000
1789,1699,2000
1786,1697,2000
1784,1694,2000
1781,1691,2000
1778,1688,2000
1776,1686,2000
1773,1683,2000
1771,1680,2000
1768,1677,2000
1765,1675,2000
1763,1672,2000
1760,1669,2000
1757,1667,2000
1755,1664,2000
1752,1661,2000
1749,1658,2000
1747,1656,2000
1744,1653,2000
1741,1650,2000
1738,1648,2000
1736,1645,2000
1733,1642,2000
1730,1640,2000
1728,1637,2000
1725,1634,2000
1722,1632,2000
1719,1629,2000
1717,1626,2000
1714,1624,2000
1711,1621,2000
1708,1618,2000
1705,1616,2000
1703,1613,2000
1700,1610,2000
1697,1608,2000
1694,1605,2000
1691,1602,2000
1689,1600,2000
1686,1597,2000
1683,1595,2000
1680,1592,2000
1677,1589,2000
1674,1587,2000
1671,1584,2000
1669,1582,2000
1666,1579,2000
1663,1576,2000
1660,1574,2000
1657,1571,2000
1654,1569,2000
1651,1566,2000
1648,1564,2000
1645,1561,2000
1643,1559,2000
1640,1556,2000
1637,1553,2000
1634,1551,2000
1631,1548,2000
1628,1546,2000
1625,1543,2000
1622,1541,2000
1619,1538,2000
1616,1536,2000
1613,1533,2000
1610,1531,2000
1607,1528,2000
1604,1526,2000
1601,1523,2000
1598,1521,2000
1595,1518,2000
1592,1516,2000
1589,1513,2000
1586,1511,2000
1583,1509,2000
1580,1506,2000
1577,1504,2000
1574,1501,2000
1571,1499,2000
1568,1496,2000
1565,1494,2000
1562,1492,2000
1559,1489,2000
1556,1487,2000
1553,1485,2000
1550,1482,2000
1547,1480,2000
1544,1477,2000
1541,1475,2000
1538,1473,2000
1535,1470,2000
1532,1468,2000
1529,1466,2000
1526,1463,2000
1523,1461,2000
1520,1459,2000
1517,1456,2000
1513,1454,2000
1510,1452,2000
1507,1450,2000
1504,1447,2000
1501,1445,2000
1498,1443,2000
1495,1441,2000
1492,1438,2000
1489,1436,2000
1486,1434,2000
1482,1432,2000
1479,1429,2000
1476,1427,2000
1473,1425,2000
1470,1423,2000
1467,1421,2000
1464,1419,2000
1461,1416,2000
1457,1414,2000
1454,1412,2000
1451,1410,2000
1448,1408,2000
1445,1406,2000
1442,1404,2000
1439,1402,2000
1435,1399,2000
1432,1397,2000
1429,1395,2000
1426,1393,2000
1423,1391,2000
1419,1389,2000
1416,1387,2000
1413,1385,2000
1410,1383,2000
1407,1381,2000
1404,1379,2000
1400,1377,2000
1397,1375,2000
1394,1373,2000
1391,1371,2000
1388,1369,2000
1384,1367,2000
1381,1365,2000
1378,1363,2000
1375,1362,2000
1371,1360,2000
1368,1358,2000
1365,1356,2000
1362,1354,2000
1358,1352,2000
1355,1350,2000
1352,1349,2000
1349,1347,2000
1345,1345,2000
1342,1343,2000
1339,1341,2000
1336,1339,2000
1332,1338,2000
1329,1336,2000
1326,1334,2000
1323,1333,2000
1321,1332,2000
1318,1330,2000
1316,1329,2000
1313,1328,2000
1311,1326,2000
1308,1325,2000
1306,1324,2000
1303,1323,2000
1301,1321,2000
1298,1320,2000
1296,1319,2000
1293,1318,2000
1291,1316,2000
1288,1315,2000
1286,1314,2000
1283,1313,2000
1281,1312,2000
1278,1310,2000
1276,1309,2000
1273,1308,2000
1271,1307,2000
1268,1306,2000
1265,1305,2000
1263,1303,2000
1260,1302,2000
1258,1301,2000
1255,1300,2000
1253,1299,2000
1250,1298,2000
1247,1297,2000
1245,1295,2000
1242,1294,2000
1240,1293,2000
1237,1292,2000
1235,1291,2000
1232,1290,2000
1229,1289,2000
1227,1288,2000
1224,1287,2000
1222,1286,2000
1219,1285,2000
1216,1284,2000
1214,1283,2000
1211,1282,2000
1208,1281,2000
1206,1280,2000
1203,1279,2000
1200,1278,2000
1986,1978,2000
1985,1974,2000
1983,1971,2000
1982,1968,2000
1980,1965,2000
1979,1962,2000
1977,1959,2000
1975,1955,2000
1974,1952,2000
1972,1949,2000
1971,1946,2000
1969,1943,2000
1967,1940,2000
1966,1937,2000
1964,1934,2000
1962,1931,2000
1961,1928,2000
1959,1925,2000
1957,1921,2000
1955,1918,2000
1954,1915,2000
1952,1912,2000
1950,1909,2000
1948,1906,2000
1946,1903,2000
1945,1900,2000
1943,1897,2000
1941,1894,2000
1939,1891,2000
1937,1888,2000
1935,1885,2000
1933,1882,2000
1932,1879,2000
1930,1876,2000
1928,1873,2000
1926,1870,2000
1924,1867,2000
1922,1864,2000
1920,1862,2000
1918,1859,2000
1916,1856,2000
1914,1853,2000
1912,1850,2000
1910,1847,2000
1908,1844,2000
1906,1841,2000
1903,1838,2000
1901,1835,2000
1899,1832,2000
1897,1829,2000
1895,1826,2000
1893,1824,2000
1891,1821,2000
1889,1818,2000
1886,1815,2000
1884,1812,2000
1882,1809,2000
1880,1806,2000
1878,1803,2000
1875,1800,2000
1873,1798,2000
1871,1795,2000
1869,1792,2000
1866,1789,2000
1864,1786,2000
1862,1783,2000
1860,1780,2000
1857,1778,2000
1855,1775,2000
1853,1772,2000
1850,1769,2000
1848,1766,2000
1846,1763,2000
1843,1761,2000
1841,1758,2000
1838,1755,2000
1836,1752,2000
1834,1749,2000
1831,1747,2000
1829,1744,2000
1826,1741,2000
1824,1738,2000
1821,1735,2000
1819,1733,2000
1817,1730,2000
1814,1727,2000
1812,1724,2000
1809,1721,2000
1807,1719,2000
1804,1716,2000
1801,1713,2000
1799,1710,2000
1796,1708,2000
1794,1705,2000
1791,1702,2000
1789,1699,2000
1786,1697,2000
1784,1694,2000
1781,1691,2000
1778,1688,2000
1776,1686,2000
1773,1683,2000
1771,1680,2000
1768,1677,2000
1765,1675,2000
1763,1672,2000
1760,1669,2000
1757,1667,2000
1755,1664,2000
1752,1661,2000
1749,1658,2000
1747,1656,2000
1744,1653,2000
1741,1650,2000
1738,1648,2000
1736,1645,2000
1733,1642,2000
1730,1640,2000
1728,1637,2000
1725,1634,2000
1722,1632,2000
1719,1629,2000
1717,1626,2000
1714,1624,2000
1711,1621,2000
1708,1618,2000
1705,1616,2000
1703,1613,2000
1700,1610,2000
1697,1608,2000
1694,1605,2000
1691,1602,2000
1689,1600,2000
1686,1597,2000
1683,1595,2000
1680,1592,2000
1677,1589,2000
1674,1587,2000
1671,1584,2000
1669,1582,2000
1666,1579,2000
1663,1576,2000
1660,1574,2000
1657,1571,2000
1654,1569,2000
1651,1566,2000
1648,1564,2000
1645,1561,2000
1643,1559,2000
1640,1556,2000
1637,1553,2000
1634,1551,2000
1631,1548,2000
1628,1546,2000
1625,1543,2000
1622,1541,2000
1619,1538,2000
1616,1536,2000
1613,1533,2000
1610,1531,2000
1607,1528,2000
1604,1526,2000
1601,1523,2000
1598,1521,2000
1595,1518,2000
1592,1516,2000
1589,1513,2000
1586,1511,2000
1583,1509,2000
1580,1506,2000
1577,1504,2000
1574,1501,2000
1571,1499,2000
1568,1496,2000
1565,1494,2000
1562,1492,2000
1559,1489,2000
1556,1487,2000
1553,1485,2000
1550,1482,2000
1547,1480,2000
1544,1477,2000
1541,1475,2000
1538,1473,2000
1535,1470,2000
1532,1468,2000
1529,1466,2000
1526,1463,2000
1523,1461,2000
1520,1459,2000
1517,1456,2000
1513,1454,2000
1510,1452,2000
1507,1450,2000
1504,1447,2000
1501,1445,2000
1498,1443,2000
1495,1441,2000
1492,1438,2000
1489,1436,2000
1486,1434,2000
1482,1432,2000
1479,1429,2000
1476,1427,2000
1473,1425,2000
1470,1423,2000
1467,1421,2000
1464,1419,2000
1461,1416,2000
1457,1414,2000
1454,1412,2000
1451,1410,2000
1448,1408,2000
1445,1406,2000
1442,1404,2000
1439,1402,2000
1435,1399,2000
1432,1397,2000
1429,1395,2000
1426,1393,2000
1423,1391,2000
1419,1389,2000
1416,1387,2000
1413,1385,2000
1410,1383,2000
1407,1381,2000
1404,1379,2000
1400,1377,2000
1397,1375,2000
1394,1373,2000
1391,1371,2000
1388,1369,2000
1384,1367,2000
1381,1365,2000
1378,1363,2000
1375,1362,2000
1371,1360,2000
1368,1358,2000
1365,1356,2000
1362,1354,2000
1358,1352,2000
1355,1350,2000
1352,1349,2000
1349,1347,2000
1345,1345,2000
1342,1343,2000
1339,1341,2000
1336,1339,2000
1332,1338,2000
1329,1336,2000
1326,1334,2000
1323,1333,2000
1321,1332,2000
1318,1330,2000
1316,1329,2000
1313,1328,2000
1311,1326,2000
1308,1325,2000
1306,1324,2000
1303,1323,2000
1301,1321,2000
1298,1320,2000
1296,1319,2000
1293,1318,2000
1291,1316,2000
1288,1315,2000
1286,1314,2000
1283,1313,2000
1281,1312,2000
1278,1310,2000
1276,1309,2000
1273,1308,2000
1271,1307,2000
1268,1306,2000
1265,1305,2000
1263,1303,2000
1260,1302,2000
1258,1301,2000
1255,1300,2000
1253,1299,2000
1250,1298,2000
1247,1297,2000
1245,1295,2000
1242,1294,2000
1240,1293,2000
1237,1292,2000
1235,1291,2000
1232,1290,2000
1229,1289,2000
1227,1288,2000
1224,1287,2000
1222,1286,2000
1219,1285,2000
1216,1284,2000
1214,1283,2000
1211,1282,2000
1208,1281,2000
1206,1280,2000
1203,1279,2000
1200,1278,2000
