1234,1667,2000
1226,1664,2000
1218,1661,2000
1208,1658,2000
1198,1655,2000
1184,1653,2000
1184,1653,2000
1184,1653,2000
1184,1653,2000
1184,1653,2000
1184,1653,2000
1184,1653,2000
1184,1653,2000
1184,1653,2000
1184,1653,2000
1184,1653,2000
1184,1653,2000
1184,1653,2000
1184,1653,2000
1184,1653,2000
1184,1653,2000
1184,1653,2000
1184,1653,2000
1184,1653,2000
1184,1653,2000
1184,1653,2000
1184,1653,2000
1184,1653,2000
1184,1653,2000
1184,1653,2000
1184,1653,2000
1184,1653,2000
1184,1653,2000
1184,1653,2000
1184,1653,2000
1184,1653,2000
1184,1653,2000
1184,1653,2000
1184,1653,2000
1184,1653,2000
1184,1653,2000
1184,1653,2000
1184,1653,2000
1184,1653,2000
1184,1653,2000
1184,1653,2000
1184,1653,2000
1184,1653,2000
1184,1653,2000
1184,1653,1000
1184,1653,1000
1184,1653,1000
1184,1653,1000
1184,1653,1000
1184,1653,1000
1184,1653,1000
1184,1653,1000
1184,1653,1000
1184,1653,1000
1184,1653,1000
1184,1653,1000
1184,1653,1000
1184,1653,1000
1184,1653,1000
1184,1653,1000
1090,1441,1000
1113,1435,1000
1129,1429,1000
1143,1423,1000
1154,1417,1000
1164,1411,1000
1174,1406,1000
1182,1400,1000
1190,1395,1000
1198,1389,1000
1205,1384,1000
1211,1379,1000
1218,1374,1000
1224,1369,1000
1229,1364,1000
1235,1359,1000
1240,1354,1000
1245,1349,1000
1250,1344,1000
1255,1340,1000
1260,1335,1000
1264,1330,1000
1268,1326,1000
1273,1321,1000
1277,1317,1000
1281,1312,1000
1284,1308,1000
1288,1303,1000
1292,1299,1000
1295,1294,1000
1299,1290,1000
1302,1286,1000
1306,1282,1000
1309,1277,1000
1312,1273,1000
1317,1275,1000
1321,1278,1000
1326,1280,1000
1331,1282,1000
1335,1285,1000
1340,1287,1000
1344,1289,1000
1349,1292,1000
1353,1294,1000
1358,1297,1000
1362,1299,1000
1367,1302,1000
1371,1304,1000
1376,1307,1000
1380,1309,1000
1385,1312,1000
1389,1314,1000
1393,1317,1000
1398,1319,1000
1402,1322,1000
1406,1325,1000
1411,1327,1000
1415,1330,1000
1419,1333,1000
1424,1336,1000
1428,1338,1000
1432,1341,1000
1436,1344,1000
1440,1347,1000
1445,1350,1000
1449,1353,1000
1453,1355,1000
1457,1358,1000
1461,1361,1000
1465,1364,1000
1469,1367,1000
1474,1370,1000
1478,1373,1000
1482,1376,1000
1486,1379,1000
1490,1382,1000
1494,1385,1000
1498,1388,1000
1502,1391,1000
1506,1395,1000
1510,1398,1000
1514,1401,1000
1518,1404,1000
1522,1407,1000
1526,1410,1000
1522,1414,1000
1519,1417,1000
1516,1421,1000
1513,1424,1000
1510,1428,1000
1507,1432,1000
1503,1435,1000
1500,1439,1000
1496,1443,1000
1493,1447,1000
1489,1450,1000
1486,1454,1000
1482,1458,1000
1479,1462,1000
1475,1466,1000
1471,1470,1000
1467,1474,1000
1463,1479,1000
1459,1483,1000
1455,1487,1000
1451,1491,1000
1446,1496,1000
1442,1500,1000
1438,1505,1000
1433,1509,1000
1428,1514,1000
1424,1519,1000
1419,1524,1000
1414,1529,1000
1409,1534,1000
1404,1539,1000
1398,1544,1000
1393,1549,1000
1387,1555,1000
1381,1560,1000
1375,1566,1000
1369,1572,1000
1362,1578,1000
1355,1584,1000
1348,1590,1000
1341,1597,1000
1333,1604,1000
1325,1611,1000
1316,1618,1000
1307,1625,1000
1296,1633,1000
1285,1642,1000
1273,1650,1000
1258,1660,1000
