1762,1715,1000
1768,1709,1000
1775,1703,1000
1781,1698,1000
1788,1693,1000
1794,1687,1000
1800,1682,1000
1806,1678,1000
1812,1673,1000
1818,1668,1000
1824,1664,1000
1829,1659,1000
1835,1655,1000
1841,1651,1000
1846,1647,1000
1852,1643,1000
1857,1639,1000
1863,1635,1000
1868,1632,1000
1874,1628,1000
1879,1625,1000
1884,1621,1000
1890,1618,1000
1895,1615,1000
1900,1612,1000
1905,1608,1000
1910,1606,1000
1915,1603,1000
1920,1600,1000
1925,1597,1000
1930,1594,1000
1935,1592,1000
1940,1589,1000
1945,1587,1000
1949,1585,1000
1949,1585,1000
1949,1585,1000
1949,1585,1000
1949,1585,1000
1949,1585,1000
1949,1585,1000
1949,1585,1000
1949,1585,1000
1949,1585,1000
1949,1585,1000
1949,1585,1000
1949,1585,1000
1949,1585,1000
1949,1585,1000
1949,1585,1000
1949,1585,1000
1949,1585,1000
1949,1585,1000
1949,1585,1000
1949,1585,1000
1949,1585,1000
1949,1585,1000
1949,1585,1000
1949,1585,1000
1949,1585,1000
1949,1585,1000
1949,1585,1000
1949,1585,1000
1949,1585,1000
1949,1585,1000
1949,1585,1000
1949,1585,1000
1949,1585,1000
1949,1585,1000
1949,1585,1000
1949,1585,1000
1949,1585,1000
1949,1585,1000
1949,1585,1000
1949,1585,1000
1949,1585,1000
1949,1585,1000
1949,1585,1000
1949,1585,1000
1949,1585,1000
1949,1585,1000
1949,1585,1000
1949,1585,1000
1949,1585,1000
1949,1585,1000
1949,1585,1000
1949,1585,1000
1949,1585,1000
1949,1585,1000
1949,1585,1000
1949,1585,1000
1949,1585,1000
1949,1585,1000
1949,1585,1000
1949,1585,1000
1949,1585,1000
1949,1585,1000
1949,1585,1000
1949,1585,1000
1949,1585,1000
1949,1585,1000
1949,1585,1000
1457,1132,1000
1458,1139,1000
1458,1146,1000
1458,1153,1000
1458,1160,1000
1458,1167,1000
1458,1174,1000
1458,1181,1000
1458,1188,1000
1457,1195,1000
1457,1202,1000
1456,1209,1000
1455,1215,1000
1454,1222,1000
1453,1229,1000
1452,1236,1000
1450,1243,1000
1449,1250,1000
1447,1257,1000
1446,1264,1000
1444,1271,1000
1442,1278,1000
1440,1285,1000
1438,1292,1000
1435,1299,1000
1433,1306,1000
1430,1313,1000
1427,1321,1000
1424,1328,1000
1421,1335,1000
1418,1343,1000
1415,1350,1000
1411,1358,1000
1407,1365,1000
1403,1373,1000
1399,1380,1000
1395,1388,1000
1391,1396,1000
1386,1404,1000
1381,1412,1000
1376,1420,1000
1370,1428,1000
1365,1437,1000
1359,1445,1000
1352,1454,1000
1346,1463,1000
1339,1472,1000
1331,1481,1000
1343,1483,1000
1354,1485,1000
1365,1487,1000
1376,1489,1000
1387,1492,1000
1398,1494,1000
1408,1496,1000
1419,1499,1000
1429,1502,1000
1439,1505,1000
1449,1508,1000
1459,1511,1000
1468,1514,1000
1478,1517,1000
1487,1520,1000
1497,1524,1000
1506,1527,1000
1516,1531,1000
1525,1535,1000
1534,1538,1000
1543,1542,1000
1552,1546,1000
1561,1550,1000
1570,1554,1000
1579,1559,1000
1588,1563,1000
1597,1567,1000
1605,1572,1000
1614,1576,1000
1623,1581,1000
1631,1586,1000
1640,1591,1000
1648,1595,1000
1657,1600,1000
1665,1605,1000
1673,1611,1000
1682,1616,1000
1690,1621,1000
1698,1626,1000
1706,1632,1000
1714,1637,1000
1722,1643,1000
1730,1648,1000
1738,1654,1000
1746,1660,1000
1754,1665,1000
1762,1671,1000
1770,1677,1000
1777,1683,2000
