1620,1842,1000
1618,1836,1000
1616,1830,1000
1613,1825,1000
1611,1820,1000
1609,1814,1000
1606,1809,1000
1604,1804,1000
1602,1799,1000
1599,1794,1000
1597,1789,1000
1594,1784,1000
1592,1779,1000
1589,1774,1000
1587,1770,1000
1584,1765,1000
1581,1761,1000
1579,1756,1000
1576,1751,1000
1574,1747,1000
1571,1743,1000
1568,1738,1000
1565,1734,1000
1563,1730,1000
1560,1725,1000
1557,1721,1000
1554,1717,1000
1551,1713,1000
1548,1709,1000
1546,1705,1000
1543,1701,1000
1540,1697,1000
1537,1693,1000
1534,1689,1000
1531,1685,1000
1528,1681,1000
1525,1677,1000
1521,1674,1000
1518,1670,1000
1515,1666,1000
1512,1662,1000
1509,1659,1000
1506,1655,1000
1502,1651,1000
1499,1648,1000
1496,1644,1000
1493,1641,1000
1489,1637,1000
1486,1634,1000
1483,1630,1000
1486,1627,1000
1490,1623,1000
1493,1620,1000
1497,1616,1000
1500,1613,1000
1503,1609,1000
1506,1606,1000
1510,1603,1000
1513,1600,1000
1516,1597,1000
1519,1593,1000
1522,1590,1000
1525,1587,1000
1528,1584,1000
1531,1581,1000
1534,1578,1000
1537,1576,1000
1540,1573,1000
1543,1570,1000
1546,1567,1000
1548,1564,1000
1551,1562,1000
1554,1559,1000
1556,1556,1000
1559,1554,1000
1562,1551,1000
1564,1548,1000
1567,1546,1000
1570,1543,1000
1572,1541,1000
1575,1538,1000
1577,1536,1000
1580,1533,1000
1582,1531,1000
1585,1529,1000
1587,1526,1000
1590,1524,1000
1592,1522,1000
1594,1519,1000
1597,1517,1000
1599,1515,1000
1601,1512,1000
1604,1510,1000
1606,1508,1000
1608,1506,1000
1610,1504,1000
1613,1501,1000
1615,1499,1000
1617,1497,1000
1619,1495,1000
1623,1499,1000
1626,1502,1000
1630,1506,1000
1634,1509,1000
1637,1513,1000
1641,1517,1000
1644,1520,1000
1647,1524,1000
1651,1528,1000
1654,1531,1000
1658,1535,1000
1661,1539,1000
1665,1543,1000
1668,1546,1000
1671,1550,1000
1675,1554,1000
1678,1558,1000
1681,1561,1000
1685,1565,1000
1688,1569,1000
1691,1573,1000
1694,1577,1000
1698,1581,1000
1701,1584,1000
1704,1588,1000
1707,1592,1000
1710,1596,1000
1714,1600,1000
1717,1604,1000
1720,1608,1000
1723,1612,1000
1726,1616,1000
1729,1620,1000
1732,1624,1000
1735,1628,1000
1738,1632,1000
1741,1636,1000
1744,1640,1000
1747,1644,1000
1750,1648,1000
1753,1652,1000
1756,1656,1000
1759,1661,1000
1761,1665,1000
1764,1669,1000
1767,1673,1000
1770,1677,1000
1773,1681,1000
1775,1686,1000
1778,1690,1000
1775,1692,1000
1773,1694,1000
1770,1696,1000
1767,1698,1000
1765,1700,1000
1762,1702,1000
1759,1704,1000
1756,1707,1000
1754,1709,1000
1751,1711,1000
1748,1713,1000
1745,1716,1000
1742,1718,1000
1740,1720,1000
1737,1723,1000
1734,1725,1000
1731,1728,1000
1728,1730,1000
1725,1733,1000
1722,1735,1000
1719,1738,1000
1716,1741,1000
1713,1744,1000
1710,1746,1000
1707,1749,1000
1704,1752,1000
1701,1755,1000
1698,1758,1000
1695,1761,1000
1692,1764,1000
1688,1767,1000
1685,1771,1000
1682,1774,1000
1679,1777,1000
1676,1781,1000
1672,1785,1000
1669,1788,1000
1666,1792,1000
1662,1796,1000
1659,1800,1000
1655,1804,1000
1652,1808,1000
1648,1812,1000
1645,1817,1000
1641,1821,1000
1637,1826,1000
1634,1831,1000
1630,1836,1000
1626,1842,1000
